30.7699  62.5092
78.6486  162.212
183.786  97.2296
119.947  15.7457
145.269  162.685
139.592  177.322
2.77192  19.9771
20.272  62.9435
108.941  170.015
66.756  185.055
44.6382  125.915
9.03209  7.11198
149.171  88.4489
74.3396  95.1283
81.4704  9.96727
142.279  13.5816
151.05  3.07668
157.76  178.212
187.032  1.18276
62.6832  95.8296
80.11  31.9333
94.5094  11.3159
4.99478  54.5626
46.5579  75.3965
184.624  26.9664
183.274  137.886
156.313  121.889
128.914  163.83
195.845  183.403
71.8249  94.7607
131.841  185.182
3.56283  196.231
173.313  66.5761
49.1197  114.069
150.906  70.0152
132.331  169.578
180.85  95.3138
64.8514  89.5514
12.5809  84.5388
151.992  32.5125
36.9309  66.5041
156.23  30.8038
70.7645  60.1427
73.8833  175.936
133.538  119.717
122.377  108.653
189.421  124.134
25.7848  101.047
7.30872  28.5195
172.134  8.25703
197.088  71.2509
140.362  103.855
112.11  30.6292
46.2168  8.50076
23.1604  92.9444
115.583  12.8279
9.55745  87.08
136.681  102.453
69.4578  126.388
185.309  103.516
22.2871  71.8199
46.1959  195.384
33.5707  27.8536
32.7435  62.664
141.529  90.3933
33.3873  65.9269
192.918  20.2963
13.5859  55.9202
133.391  61.366
127.263  17.4311
130.045  12.2466
190.04  57.9894
176.576  98.5021
13.3182  166.226
136.669  70.9934
180.365  71.6204
29.9597  18.56
15.8348  104.54
3.92433  80.3848
185.077  43.1472
27.2542  168.353
56.7209  17.7996
79.8379  0.600763
194.002  111.238
127.474  65.6274
171.963  36.3295
4.68856  62.7686
13.0557  9.26304
174.084  90.8635
157.676  33.1278
7.73331  62.0455
9.0942  53.9061
72.2081  90.8928
51.9179  67.8691
145.909  31.6732
143.006  193.379
130.897  106.366
29.8739  83.8224
181.876  162.345
197.908  91.3901
196.164  51.7522
184.672  89.2344
192.442  26.915
156.589  98.4018
190.538  28.4768
26.7439  71.1922
97.2496  2.06452
67.4164  30.6043
155.263  11.7041
94.5465  187.314
7.10391  115.619
10.941  108.963
75.7098  165.08
171.52  72.997
70.574  137.356
192.432  178.79
153.02  95.1148
195.293  4.33421
36.4346  121.406
111.741  28.264
