187.952  196.699
64.2663  145.874
49.3897  164.607
171.625  32.5058
190.748  161.921
110.679  177.504
152.357  94.2148
129.178  27.6449
21.4669  22.489
70.2785  138.181
175.363  194.543
194.623  87.5008
79.6783  19.0225
147.4  11.4716
36.3449  30.5339
23.9031  186.667
101.003  94.0806
85.4661  81.7542
89.8421  71.9994
178.886  163.128
166.804  137.616
153.452  136.836
84.2705  99.3852
52.5699  172.971
72.598  93.2424
34.7233  171.839
148.033  140.908
170.032  47.0743
70.7862  76.7258
98.7791  76.43
41.4881  138.594
51.8423  140.666
46.6683  160.622
92.6346  77.121
79.5777  93.17
23.8227  159.047
87.4656  104.32
142.674  36.6245
33.4963  125.451
147.718  157.266
93.8536  83.0751
179.867  51.4767
135.853  33.9588
146.038  151.855
130.463  32.2483
57.6682  132.33
70.137  147.683
140.548  24.8171
163.709  27.6092
175.928  43.6408
153.719  140.274
145.45  12.9422
69.503  151.472
158.221  12.5853
33.8815  172.717
63.1278  159.476
184.178  31.3808
139.652  43.4586
184.343  39.7275
54.8861  166.399
147.012  151.559
164.226  57.4519
53.6048  167.242
152.459  140.364
178.168  53.1207
85.2307  106.043
84.9276  80.5048
161.631  49.0649
88.3152  82.8524
169.444  53.6579
40.9444  130.034
151.054  145.066
172.1  156.785
166.965  34.3797
155.366  43.5642
31.9776  149.004
88.6758  91.048
162.994  162.043
150.042  139.589
63.4953  153.069
76.5894  106.449
59.7766  4.8977
151.814  139.997
158.112  71.8861
63.4663  167.598
185.193  129.39
29.6355  143.625
142.773  60.8371
1.91148  177.791
164.027  4.89111
106.838  150.63
177.613  170.553
70.859  56.436
152.569  173.505
98.1851  185.499
109.76  71.4533
169.003  98.9919
19.3408  117.169
42.4128  148.941
90.2515  18.6707
186.017  181.602
88.9665  86.2085
82.4293  188.421
197.837  109.955
88.0864  118.364
189.937  58.211
169.643  88.1247
120.263  51.885
167.318  18.5019
63.5686  40.1928
22.5007  95.0685
34.7089  146.765
68.2936  105.692
153.577  54.0481
109.903  116.469
167.784  174.575
194.614  67.173
191.631  129.217
52.4852  10.976
155.502  91.3536
