143.195  57.3862
179.75  39.7511
147.222  118.781
74.3461  159.21
180.463  185.196
46.8167  66.7351
26.8123  119.968
132.428  154.863
63.4066  139.475
64.989  178.164
39.0221  136.062
84.5001  4.57798
84.6875  137.616
75.151  197.762
74.5621  46.8622
57.6545  14.1828
116.832  47.7151
70.1047  81.5548
166.857  194.376
128.704  22.3592
10.4948  181.389
23.2278  144.616
48.1356  177.42
164.18  122.52
45.0611  66.8091
12.1729  80.58
158.969  8.3946
16.673  139.67
27.7944  181.053
6.28589  139.939
74.6647  193.406
104.433  63.6779
174.673  99.6215
125.102  53.2382
71.0852  141.475
146.42  2.39029
130.309  154.628
45.8101  103.398
149.986  148.511
59.7169  158.356
137.863  66.7618
158.302  126.323
155.821  66.084
112.351  173.193
98.7736  80.1044
47.3194  30.1818
50.6802  62.8831
59.6959  133.458
75.7503  75.0463
154.039  137.071
29.8084  137.708
143.383  2.23671
136.711  53.858
191.065  101.852
147.888  171.604
39.2398  56.4669
102.447  159.578
181.345  173.388
113.537  143.961
3.01013  101.34
127.171  55.311
179.302  134.192
145.179  81.5105
190.973  135.66
179.795  70.8479
123.038  117.704
107.364  168.417
177.217  10.0778
67.3632  109.655
29.0184  161.548
183.836  161.288
76.8877  87.382
46.9863  35.1015
81.9436  135.266
159.387  6.23004
176.864  167.291
95.8833  118.239
54.8885  139.093
78.6801  176.012
78.8967  145.222
14.9453  80.1871
76.3052  112.538
46.3961  77.544
77.3724  144.44
163.316  72.4484
104.754  171.912
27.8882  66.2847
75.5489  116.653
87.4808  2.9551
165.537  54.58
58.6708  108.777
49.8573  152.451
2.16963  176.33
109.864  150.981
74.3393  6.02651
92.7249  36.8309
166.396  158.708
177.188  53.1108
17.253  74.7848
92.0084  140.563
61.628  43.8482
67.4372  154.757
119.401  168.957
170.635  145.87
140.521  57.811
21.9975  88.2905
193.044  81.5531
59.0043  31.1852
134.886  88.9204
81.012  100.946
194.056  175.531
185.168  110.727
2.93472  109.322
178.895  70.624
91.9799  163.846
131.83  63.3467
197.888  134.08
38.981  97.692
37.1682  28.5721
180.527  70.0296
