0  0  0  0  0  0  0  0  0  0  0  0  0  0  0  0  0  0  0  0  0  0  0  0  0  0  0  0  0  0  0  39.7972  0  18.2903  0  0  0  0  0  0  11.2825  0  12.4631  0  0  0  0  0  0  0  0  0  7.50269  0  0  0  0  0  0  0  15.8117  0  24.9285  0  35.7689  0  0  0  0  0  0  0  0  0  0  0  0  0  0  0  0  0  0  0  25.1603  0  0  0  0  24.8947  0  0  0  0  0  0  0  32.3871  0  0  0  0  0  0  3.02484  0  0  0  34.765  0  0  0  0  34.0799  0  14.7395  0  0  0  36.9502  
0  0  0  0  0  0  0  0  0  0  0  0  0  0  0  0  0  0  0  0  0  0  0  0  0  0  27.991  0  0  0  0  0  0  0  0  0  0  0  0  0  0  0  32.631  0  0  0  0  0  0  0  0  0  0  0  0  0  0  0  0  0  0  0  0  0  29.4183  0  0  27.1346  0  0  0  0  0  0  36.7546  0  0  0  0  0  0  0  0  0  40.3246  0  0  0  0  21.2377  0  0  0  0  0  0  0  12.9467  0  0  0  0  0  0  0  0  0  0  0  0  0  0  0  37.3978  0  0  0  0  0  29.921  
0  0  0  0  0  0  0  0  0  0  0  0  0  0  0  0  0  0  0  0  0  0  0  16.8661  0  0  0  0  0  0  0  0  32.2337  0  0  0  35.438  0  22.9868  0  0  15.3527  0  0  0  0  0  0  0  19.3986  0  0  0  0  0  0  0  0  0  0  0  38.8828  42.3816  0  0  27.8776  0  0  0  0  0  0  0  0  0  0  0  0  0  0  0  0  0  0  0  0  0  0  0  0  0  0  0  0  0  0  0  0  0  0  0  0  0  34.9332  0  0  0  0  35.5681  0  0  39.5565  0  0  0  0  0  0  0  0  
0  0  0  0  0  0  0  0  0  0  0  0  0  0  0  0  0  0  0  0  0  0  33.3164  0  0  0  0  0  0  0  35.7003  0  0  0  17.8014  0  0  0  0  15.6005  0  0  0  0  0  0  0  34.8902  0  0  0  0  0  0  0  0  23.365  0  0  0  0  0  0  0  0  0  35.8885  0  0  0  0  0  0  23.5785  0  0  0  29.8584  16.3416  14.9297  0  0  0  14.9205  0  38.0196  0  0  0  0  0  26.9896  0  40.3899  0  0  0  0  0  28.6904  0  9.18307  0  0  0  0  0  0  0  0  0  0  0  0  14.4952  0  0  0  0  0  
0  0  0  0  0  0  0  0  0  0  0  0  0  0  0  0  0  0  0  0  0  0  0  0  0  0  0  0  0  0  0  0  0  0  0  0  0  0  0  0  0  0  0  0  0  0  0  0  0  0  0  0  0  0  35.7784  0  0  10.1186  0  0  0  0  0  0  0  0  0  0  0  0  20.0051  0  0  0  0  16.2262  0  0  0  0  0  0  0  0  0  0  0  0  0  0  0  0  0  0  0  0  24.7737  0  0  0  0  0  0  0  0  0  0  0  0  0  18.5539  0  0  0  0  0  0  0  0  0  
0  0  0  0  0  0  0  0  0  0  0  0  0  0  0  0  0  0  0  0  0  0  0  0  1.47835  31.7872  0  0  0  0  0  0  0  0  0  0  0  34.0073  0  0  0  0  0  0  0  41.9761  5.39419  0  32.376  0  0  0  0  0  0  13.1779  0  0  0  0  0  0  0  0  0  0  0  0  0  0  0  40.067  31.3921  0  0  0  0  0  0  0  31.005  0  11.2381  0  0  0  14.988  0  0  0  0  0  0  0  0  0  0  0  32.0344  0  27.9245  0  0  0  0  42.4597  0  38.6152  0  0  0  0  0  0  0  0  0  21.6998  40.4361  0  
0  0  0  0  0  0  0  0  0  0  0  0  0  0  0  0  0  0  0  0  0  19.6892  0  0  0  0  0  26.2842  0  29.5272  0  0  0  0  0  0  0  27.8694  0  0  0  0  0  0  0  0  0  36.9821  0  0  17.9885  0  0  0  0  0  0  0  0  34.5128  0  0  0  0  0  0  0  0  0  0  0  0  0  0  0  0  0  30.2982  0  0  0  0  0  0  0  0  0  0  0  0  36.8939  38.234  0  0  0  0  0  0  0  0  0  0  0  0  0  32.4453  0  0  0  0  0  0  25.207  0  0  0  0  23.9373  0  0  
0  0  0  0  0  0  0  0  0  0  0  0  0  0  0  0  0  0  0  0  0  0  0  0  0  0  0  0  0  0  0  0  0  0  0  0  2.21482  0  20.3186  0  0  36.0774  0  27.7411  0  0  0  0  0  26.0968  0  0  0  0  17.198  0  34.4687  0  20.9822  0  0  0  0  0  0  37.1183  32.3615  0  0  0  0  0  0  0  0  0  0  0  0  0  0  0  0  0  0  30.5266  0  0  0  0  0  0  0  25.9259  0  0  34.2522  0  0  0  0  0  18.7934  38.8923  0  0  0  0  0  0  0  0  0  0  0  0  0  0  0  0  
0  0  0  0  0  0  0  0  0  0  0  0  0  0  0  0  0  0  0  0  0  0  0  0  0  0  0  0  0  0  0  0  0  0  8.15822  0  0  0  0  16.1366  0  0  0  0  0  0  0  6.84514  0  0  36.2865  0  0  0  0  0  0  0  0  0  0  0  0  0  0  0  0  0  29.2639  0  0  0  0  19.6813  0  0  38.5743  7.01368  39.3877  13.9819  0  30.2515  0  15.3952  0  0  0  24.8477  0  0  35.8537  17.5511  0  0  0  0  0  0  0  28.841  0  14.3816  0  0  0  0  0  0  0  0  0  0  0  0  31.2394  0  0  0  0  0  
0  0  0  0  0  0  0  0  0  0  0  0  0  0  0  0  0  0  0  0  0  0  15.8785  0  0  0  0  0  35.8753  0  13.7679  0  0  0  36.707  0  0  0  0  18.4866  0  0  0  0  0  0  0  0  0  0  0  0  0  0  0  0  0  0  0  0  0  0  0  0  0  0  0  0  0  43.6252  0  0  0  0  0  0  0  0  15.4876  37.4206  0  0  0  32.533  0  0  0  0  0  0  0  25.2125  0  0  0  0  0  0  0  0  0  26.0321  0  0  0  0  0  0  0  0  0  0  0  0  28.9507  0  0  0  0  0  
0  0  0  0  0  0  0  0  0  0  0  0  0  0  0  0  0  0  0  0  0  16.0094  0  0  0  0  0  26.0937  0  26.8025  0  0  0  0  31.2322  0  0  33.2795  0  33.1156  0  0  0  0  0  0  0  19.9398  0  0  9.62254  0  0  0  0  0  0  0  0  0  0  0  0  0  0  0  0  0  42.5398  26.6064  0  0  0  0  0  0  0  17.2518  0  0  0  0  0  38.3643  0  0  0  0  0  0  29.8379  19.9168  0  0  0  0  0  0  0  0  0  33.8791  0  0  0  0  0  0  0  0  0  0  0  0  0  0  0  37.7118  0  0  
0  0  0  0  0  0  0  0  0  0  0  0  0  0  0  0  0  0  0  0  0  0  0  0  0  0  0  0  0  0  0  0  0  0  0  0  0  0  0  0  0  0  0  0  0  0  0  0  0  0  0  0  0  0  0  0  0  0  0  0  0  0  0  0  0  0  0  0  0  0  0  0  0  0  0  0  0  0  0  0  0  0  0  0  0  0  0  0  3.35092  0  0  0  0  0  11.818  32.0593  0  0  0  0  0  0  0  0  0  0  0  36.9639  0  0  0  0  0  0  0  0  0  0  0  0  
0  0  0  0  0  0  0  0  0  0  0  0  0  0  0  0  0  0  0  0  0  0  0  0  0  0  0  0  0  0  0  0  0  0  13.9272  0  0  0  0  35.6517  0  0  0  0  0  0  0  24.2391  0  0  0  0  0  0  0  0  26.5922  0  29.1613  0  0  0  0  0  0  0  43.6783  0  33.7096  0  0  0  0  3.35851  0  0  24.955  35.2507  35.5618  10.8249  0  29.5284  0  11.0196  0  39.3803  0  22.6807  0  0  36.6315  37.6207  0  27.0678  0  0  0  0  0  8.24749  0  23.097  0  0  0  0  0  0  0  40.3554  0  0  0  0  24.6811  0  0  0  0  0  
0  0  0  0  0  0  0  0  0  0  0  0  0  0  0  0  0  0  0  0  0  0  39.9846  0  0  0  0  0  0  0  4.23534  0  0  0  0  0  0  0  0  0  0  0  0  0  0  0  0  0  0  0  0  0  0  0  0  0  0  0  0  0  0  0  0  0  0  0  0  0  0  0  0  0  0  0  0  0  0  0  22.5767  0  0  0  0  0  0  36.2049  0  0  0  0  0  0  0  0  0  0  0  0  0  0  0  0  0  0  0  0  0  0  0  0  0  0  0  0  41.2119  0  0  0  0  0  
0  0  0  0  0  0  0  0  0  0  0  0  0  0  0  0  0  0  0  0  0  0  0  0  34.2317  0  0  0  0  0  0  33.4277  0  0  0  0  0  0  0  0  0  0  0  0  0  27.8377  26.1227  0  24.3662  0  0  0  0  0  0  38.5366  0  0  0  0  0  0  0  0  0  0  0  0  0  0  0  0  28.7898  0  0  0  0  0  0  0  0  0  0  0  0  0  0  0  0  0  0  0  0  0  0  18.156  0  0  0  0  11.6918  0  0  0  0  0  0  21.3919  0  0  0  0  0  0  0  0  0  0  0  0  
0  0  0  0  0  0  0  0  0  0  0  0  0  0  0  0  0  0  0  0  0  0  0  0  0  0  0  0  0  0  0  0  0  0  0  0  0  0  0  0  0  0  0  0  0  20.8652  0  0  0  0  0  0  0  0  0  0  0  0  0  0  0  0  0  0  0  0  0  0  0  0  0  0  20.1809  0  0  0  0  0  0  0  0  0  0  0  0  0  0  0  33.2589  0  0  0  0  0  17.524  0  0  0  0  0  30.0816  0  0  0  0  0  0  16.5546  0  0  0  0  0  0  0  0  0  0  23.2058  0  
0  0  0  0  0  0  0  0  0  0  0  0  0  0  0  0  0  0  0  0  0  0  0  0  0  0  0  0  0  0  0  22.5009  0  9.55317  0  0  0  0  0  0  26.3825  0  0  0  35.448  0  0  0  0  0  0  0  21.989  0  0  0  0  0  0  0  12.6839  0  0  0  0  0  0  0  0  0  0  0  0  0  0  0  0  0  0  0  0  0  0  0  0  0  0  0  0  0  0  0  0  0  0  26.4518  0  0  0  0  0  0  0  0  25.1472  0  0  0  0  0  0  0  0  0  0  19.8949  0  0  0  0  
0  0  0  0  0  0  0  0  0  0  0  0  0  0  0  0  0  0  0  0  0  0  0  0  32.9518  0  0  0  0  0  0  35.2981  0  0  0  0  0  32.7483  0  0  0  0  0  0  26.5602  0  31.6737  0  8.01002  0  0  0  0  0  0  37.4199  0  0  0  0  0  0  0  0  0  0  0  0  24.0572  0  0  9.11497  0  0  0  0  0  0  0  0  0  31.2668  29.7167  0  0  0  0  33.4429  0  0  37.8981  0  0  0  0  0  0  0  0  0  29.8943  0  0  0  0  0  0  0  0  20.5333  0  0  0  0  0  0  0  30.9318  0  0  
0  0  0  0  0  0  0  0  0  0  0  0  0  0  0  0  0  0  0  0  0  0  0  0  0  0  0  0  0  0  0  0  0  0  0  0  0  0  0  0  0  0  0  0  0  0  0  0  0  0  0  0  0  0  37.2481  0  0  25.6638  0  0  0  0  0  0  0  0  0  0  0  0  40.0308  0  0  0  0  26.4844  0  0  0  0  0  0  0  0  0  0  0  0  0  0  0  0  0  0  0  0  31.4706  0  0  0  0  0  0  0  0  0  0  0  0  0  29.285  0  0  0  0  0  0  0  0  0  
0  0  0  0  0  0  0  0  0  0  0  0  0  0  0  0  0  0  0  0  0  0  0  0  0  0  33.4903  0  0  0  0  0  0  33.0185  0  23.4004  0  0  0  0  0  0  0  0  0  0  0  0  0  0  0  27.3504  29.5029  0  0  0  0  0  0  0  35.0304  0  0  0  0  0  0  0  0  0  0  0  0  0  37.0403  0  0  0  0  0  0  0  0  0  0  0  0  0  0  0  0  0  0  0  0  38.3059  0  0  0  0  0  0  0  0  38.7867  0  0  0  0  0  0  0  0  0  0  0  0  0  0  0  
0  0  0  0  0  0  0  0  0  0  0  0  0  0  0  0  0  0  0  0  0  35.2275  28.0608  0  0  0  0  0  15.368  0  0  0  0  0  0  0  0  0  0  0  0  0  0  0  0  0  0  0  0  0  0  0  0  0  0  0  0  0  0  0  0  0  0  0  0  0  0  0  0  27.2468  0  0  0  0  0  0  0  0  0  0  0  0  0  0  0  0  0  0  0  0  0  0  8.14669  0  0  0  0  0  0  0  0  0  0  0  0  0  0  0  0  0  0  0  0  0  0  0  0  0  0  0  
0  0  0  0  0  0  0  0  0  0  0  0  0  0  0  0  0  0  0  0  0  0  0  0  0  0  0  8.88013  42.1787  16.8567  0  0  0  0  0  0  0  0  0  34.1757  0  0  0  0  0  0  0  40.8146  0  0  9.12516  0  0  0  0  0  0  0  0  0  0  0  0  0  0  0  0  0  0  18.2911  0  0  0  0  0  0  0  34.6222  0  0  0  0  0  0  0  0  0  0  0  0  0  27.933  32.9799  0  0  0  0  0  0  0  0  0  0  0  0  0  0  0  0  0  0  0  0  0  0  0  0  0  0  0  
0  0  0  0  0  0  0  0  0  0  0  0  0  0  0  0  0  0  0  0  0  0  0  0  0  0  0  0  19.6968  0  34.3159  0  0  0  0  0  0  0  0  21.0134  0  0  0  0  0  0  0  0  0  0  0  0  0  0  0  0  0  0  0  0  0  0  0  0  0  0  0  0  0  27.0511  0  0  0  0  0  0  0  38.8066  26.6065  0  0  0  0  0  0  0  0  0  0  0  0  25.899  0  0  0  0  0  0  0  0  0  28.9022  0  0  0  0  0  0  0  0  0  0  0  0  0  0  0  0  0  0  
0  0  0  0  0  0  0  0  0  0  0  0  0  0  0  0  0  0  0  0  0  0  0  0  0  0  0  0  0  0  0  0  26.4282  0  0  0  0  0  25.9045  0  0  6.81366  0  0  0  0  0  0  0  19.4106  0  0  0  34.1118  0  0  0  0  0  0  0  19.939  0  26.8452  0  0  0  0  0  0  0  0  0  0  0  0  0  0  0  0  0  0  0  0  0  0  0  0  0  0  0  0  0  0  0  0  37.2272  0  0  0  0  0  0  28.2835  0  0  0  0  0  0  0  29.0245  0  0  0  0  33.0466  0  0  0  
0  0  0  0  0  0  0  0  0  0  0  0  0  0  0  0  0  0  0  0  0  0  0  0  0  34.3613  0  0  0  0  0  0  0  0  0  0  0  33.3908  0  0  0  0  0  0  0  39.668  6.54676  0  33.2416  0  0  0  0  0  0  12.7257  0  0  0  0  0  0  0  0  0  0  0  0  0  0  0  36.5529  35.485  0  0  0  0  0  0  0  35.7621  0  13.1322  0  0  0  15.9904  0  0  0  0  0  0  0  0  0  0  0  28.2356  0  37.7968  0  0  0  0  27.7254  0  35.1974  0  0  0  0  0  0  0  0  0  29.4604  37.0062  0  
0  0  0  0  0  0  0  0  0  0  0  0  0  0  0  0  0  0  0  0  0  0  0  0  0  0  0  0  0  0  0  0  0  0  0  0  0  0  0  0  0  0  0  0  0  0  0  0  0  0  0  0  0  0  0  41.8676  0  0  0  24.1798  0  0  0  0  0  0  0  0  0  0  0  0  0  0  0  0  0  0  0  0  2.90417  0  36.6852  0  0  0  20.9655  0  0  0  0  0  0  0  0  0  0  0  6.48686  0  0  0  0  0  0  11.723  0  0  0  0  0  0  30.8689  0  0  0  0  32.2782  0  0  
0  0  0  0  0  0  0  0  0  0  0  0  0  0  0  0  0  0  0  0  0  0  0  0  0  0  0  0  0  0  0  0  0  0  0  13.8997  0  0  0  0  0  0  0  0  0  0  0  0  0  0  0  18.3303  0  0  0  0  0  0  0  0  0  0  0  0  0  0  0  18.4641  0  0  0  0  0  0  2.05381  0  0  0  0  0  0  0  0  0  0  0  0  0  0  0  0  0  0  0  0  0  0  0  0  0  0  0  0  0  0  0  0  0  0  0  0  0  0  0  0  0  0  0  0  0  
0  0  0  0  0  0  0  0  0  0  0  0  0  0  0  0  0  0  0  0  0  0  0  0  0  0  0  0  0  11.0453  0  0  0  0  0  0  0  0  0  0  0  0  0  0  0  0  0  0  0  0  12.9686  0  0  0  0  0  0  0  0  0  0  0  0  0  0  0  0  0  0  27.0437  0  0  0  0  0  0  0  36.5116  0  0  0  0  0  0  0  0  0  0  0  0  0  38.7532  44.0569  0  0  0  0  0  0  0  0  0  0  0  0  0  0  0  0  0  0  0  29.0538  0  0  0  0  0  0  0  
0  0  0  0  0  0  0  0  0  0  0  0  0  0  0  0  0  0  0  0  0  0  0  0  0  0  0  0  0  0  0  0  0  0  0  0  0  0  0  36.9271  0  0  0  0  0  0  0  0  0  0  0  0  0  0  0  0  0  0  0  0  0  0  0  0  0  0  0  0  0  19.7586  0  0  0  0  0  0  0  0  0  0  0  0  0  0  0  0  0  0  0  0  0  35.9491  30.1439  0  0  0  0  0  0  0  0  0  0  0  0  0  0  0  0  0  0  0  0  0  0  0  0  0  0  0  
0  0  0  0  0  0  0  0  0  0  0  0  0  0  0  0  0  0  0  0  0  0  0  0  0  0  0  0  0  0  0  0  0  0  0  0  0  0  0  0  0  0  0  0  0  0  0  0  0  0  17.1357  0  0  0  0  0  0  0  0  36.9627  0  0  0  0  0  0  0  0  0  35.6115  0  0  0  0  0  0  0  0  0  0  0  0  0  0  0  0  0  0  0  0  0  0  34.7355  0  0  0  0  0  0  0  0  0  0  0  0  0  0  0  0  0  0  0  28.8616  0  0  0  0  0  0  0  
0  0  0  0  0  0  0  0  0  0  0  0  0  0  0  0  0  0  0  0  0  0  0  0  0  0  0  0  0  0  0  0  0  0  0  0  0  0  0  38.8583  0  0  0  0  0  0  0  0  0  0  0  0  0  0  0  0  0  0  0  0  0  0  0  0  0  0  0  0  0  0  0  0  0  0  0  0  0  0  18.7132  0  0  0  0  0  0  45.2135  0  0  0  0  0  0  0  0  0  0  0  0  0  0  0  35.2834  0  0  0  0  0  0  0  0  0  0  0  0  30.1545  0  0  0  0  0  
0  0  0  0  0  0  0  0  0  0  0  0  0  0  0  0  0  0  0  0  0  0  0  0  0  0  0  0  0  0  0  0  0  27.2834  0  0  0  0  0  0  33.9995  0  0  0  16.0285  0  0  0  27.2275  0  0  0  36.5159  0  0  0  0  0  0  0  26.9384  0  0  0  0  0  0  0  0  0  0  34.3757  0  0  0  0  0  0  0  0  0  0  0  0  0  0  0  0  0  0  0  0  0  0  0  29.9707  0  0  0  0  0  0  0  0  43.3721  0  0  0  38.0274  0  0  0  0  0  0  22.7277  0  0  0  0  
0  0  0  0  0  0  0  0  0  0  0  0  0  0  0  0  0  0  0  0  0  0  0  0  0  0  0  0  0  0  0  0  0  0  0  0  0  0  0  0  0  31.9275  34.2467  0  0  0  0  0  0  0  0  0  0  16.4614  0  0  0  0  0  0  0  38.0897  31.3268  36.5557  21.8456  0  0  0  0  0  0  0  0  0  0  0  0  0  0  0  0  0  0  0  29.8785  0  0  0  0  0  0  0  0  0  0  0  0  0  0  0  0  0  0  0  0  0  24.3046  0  0  0  0  16.6858  0  29.2408  0  0  0  0  0  33.1475  
0  0  0  0  0  0  0  0  0  0  0  0  0  0  0  0  0  0  0  0  0  0  0  0  0  0  0  0  0  0  0  0  0  0  0  0  0  0  0  0  17.3506  0  32.3631  0  31.9586  0  0  0  0  0  0  0  9.79889  0  0  0  0  0  0  0  2.94569  0  30.2507  0  0  0  0  0  0  0  0  0  0  0  0  0  0  0  0  0  0  0  0  0  0  0  0  0  0  0  0  0  0  0  0  39.4596  0  0  0  0  0  0  0  0  15.878  0  0  0  36.9697  0  0  0  0  0  0  12.7008  0  0  0  0  
0  0  0  0  0  0  0  0  0  0  0  0  0  0  0  0  0  0  0  0  0  0  0  0  0  0  0  0  0  0  0  0  0  0  0  0  0  0  0  20.2456  0  0  0  0  0  0  0  12.5305  0  0  0  0  0  0  0  0  33.7212  0  0  0  0  0  0  0  0  0  0  0  34.4114  0  0  0  0  11.7444  0  0  25.2763  15.7529  36.1007  7.38617  0  26.5796  0  7.63972  0  0  0  29.2487  0  0  35.9107  26.4378  0  37.5642  0  0  0  0  0  21.4184  0  15.0666  0  0  0  0  0  0  0  0  0  0  0  0  36.0419  0  0  0  0  0  
0  0  0  0  0  0  0  0  0  0  0  0  0  0  0  0  0  0  0  0  0  0  0  0  0  0  0  0  0  0  0  0  0  0  0  0  0  0  0  0  0  0  0  0  0  0  0  0  0  0  0  3.35809  0  0  0  0  0  0  0  0  0  0  0  0  0  0  0  29.4036  0  0  0  0  0  0  13.0833  0  0  0  0  0  0  0  0  0  0  0  0  0  0  0  0  0  0  0  0  0  0  0  0  0  0  0  0  0  0  0  0  0  0  0  0  0  0  0  0  0  0  0  0  0  
0  0  0  0  0  0  0  0  0  0  0  0  0  0  0  0  0  0  0  0  0  0  0  0  0  0  0  0  0  0  0  0  0  0  0  0  0  0  24.8492  0  0  41.4877  0  24.8634  0  0  0  0  0  30.0516  0  0  0  0  23.6704  0  24.3722  0  17.2982  0  0  0  0  0  0  33.5532  25.7442  0  0  0  0  0  0  0  0  0  0  0  0  0  0  0  0  0  0  33.7735  0  0  0  0  0  0  0  22.1387  0  0  38.0331  0  0  0  0  0  16.7255  0  0  0  0  0  0  0  0  0  0  0  41.802  0  0  0  0  0  
0  0  0  0  0  0  0  0  0  0  0  0  0  0  0  0  0  0  0  0  0  0  0  0  0  0  0  0  0  0  0  0  0  0  0  0  0  0  0  0  0  0  0  0  0  0  0  29.3786  0  0  35.7855  0  0  0  0  0  0  0  0  0  0  0  0  0  0  0  0  0  23.6148  0  0  36.3102  0  0  0  0  0  29.4973  0  0  36.5809  32.4559  29.0007  0  0  0  0  31.6858  0  0  13.4478  0  0  0  0  0  0  0  0  0  0  0  0  0  0  20.8677  0  0  0  34.3973  0  0  0  0  0  0  0  8.27805  0  0  
0  0  0  0  0  0  0  0  0  0  0  0  0  0  0  0  0  0  0  0  0  0  0  0  0  0  0  0  0  0  0  0  0  0  0  0  0  0  0  0  0  26.6985  0  0  0  0  0  0  0  12.465  0  0  0  0  23.8359  0  0  0  34.9373  0  0  32.1557  0  0  0  0  0  0  0  0  36.5159  0  0  0  0  31.5451  0  0  0  0  0  0  0  0  0  0  0  0  0  0  0  0  0  0  0  0  20.6857  0  0  0  0  0  42.0937  21.6147  0  0  0  0  0  0  0  0  0  0  0  0  0  0  0  0  
0  0  0  0  0  0  0  0  0  0  0  0  0  0  0  0  0  0  0  0  0  0  0  0  0  0  0  0  0  0  0  0  0  0  0  0  0  0  0  0  0  0  0  0  0  0  0  25.2411  0  0  37.6159  0  0  0  0  0  0  0  0  0  0  0  0  0  0  0  0  0  0  30.2608  0  0  0  30.9121  0  0  0  18.4202  25.0129  24.371  0  0  0  23.0354  0  0  0  0  0  0  0  13.0383  0  0  0  0  0  0  0  36.8901  0  9.1072  0  0  0  0  0  0  0  0  0  0  0  0  29.7077  0  0  0  0  0  
0  0  0  0  0  0  0  0  0  0  0  0  0  0  0  0  0  0  0  0  0  0  0  0  0  0  0  0  0  0  0  0  0  0  0  0  0  0  0  0  0  0  18.7662  0  0  0  0  0  0  0  0  0  13.046  0  0  0  0  0  0  0  16.0551  0  18.9239  0  0  0  0  0  0  0  0  0  0  0  0  0  0  0  0  0  0  0  0  0  26.0125  0  0  0  0  33.3207  0  0  0  0  0  0  0  0  0  0  0  0  0  0  9.24948  0  0  0  23.9972  0  0  0  0  0  0  7.11792  0  0  0  0  
0  0  0  0  0  0  0  0  0  0  0  0  0  0  0  0  0  0  0  0  0  0  0  0  0  0  0  0  0  0  0  0  0  0  0  0  0  0  0  0  0  0  0  0  0  0  0  0  0  10.5171  0  0  0  0  0  0  0  0  0  0  0  22.8639  0  38.1913  0  32.3321  0  0  0  0  0  0  0  0  0  0  0  0  0  0  0  0  0  0  0  0  0  0  0  0  0  0  0  0  0  0  29.7637  0  0  0  0  0  0  17.2398  0  0  0  0  0  0  0  34.8115  0  0  0  0  0  0  0  0  
0  0  0  0  0  0  0  0  0  0  0  0  0  0  0  0  0  0  0  0  0  0  0  0  0  0  0  0  0  0  0  0  0  0  0  0  0  0  0  0  0  0  0  0  0  0  0  0  0  0  0  0  23.1902  0  0  0  0  0  0  0  31.7997  0  16.9006  0  23.3553  0  0  0  0  0  0  0  0  0  0  0  0  0  0  0  0  0  0  0  9.77663  0  0  0  0  15.1506  0  0  0  0  0  0  0  22.8855  0  0  0  0  0  0  18.6307  0  0  0  33.6069  0  0  0  0  22.0935  0  22.246  0  0  0  20.383  
0  0  0  0  0  0  0  0  0  0  0  0  0  0  0  0  0  0  0  0  0  0  0  0  0  0  0  0  0  0  0  0  0  0  0  0  0  0  0  0  0  0  0  0  0  0  0  0  0  0  0  0  0  0  27.6986  0  15.1853  0  30.7979  0  0  0  0  0  0  0  6.24803  0  0  0  0  0  0  0  0  0  0  0  32.0715  0  0  0  0  0  0  7.25495  0  0  0  0  0  0  0  21.4202  0  0  0  0  0  36.6175  0  0  7.53792  0  0  0  0  0  0  0  0  0  0  0  22.2204  0  0  0  0  0  
0  0  0  0  0  0  0  0  0  0  0  0  0  0  0  0  0  0  0  0  0  0  0  0  0  0  0  0  0  0  0  0  0  0  0  0  0  0  0  0  0  0  0  0  0  0  0  0  22.5278  0  0  0  0  0  0  0  0  0  0  0  36.6019  0  0  0  0  0  0  0  0  0  0  26.416  0  0  0  0  37.2349  0  0  0  0  37.5872  0  0  0  0  0  0  0  0  0  0  0  0  0  0  0  0  0  0  0  0  0  0  0  0  0  0  39.5505  25.3168  0  0  0  0  0  38.4575  0  0  0  0  
0  0  0  0  0  0  0  0  0  0  0  0  0  0  0  0  0  0  0  0  0  0  0  0  0  0  0  0  0  0  0  0  0  0  0  0  0  0  0  0  0  0  0  0  0  0  37.2003  0  0  0  0  0  0  0  0  34.6731  0  0  0  0  0  0  0  0  0  0  0  0  0  0  0  0  4.88848  0  0  0  0  0  0  0  0  0  0  0  0  0  0  0  0  0  0  0  0  0  31.5507  0  0  0  0  0  20.3461  0  0  0  0  0  0  12.7258  0  0  0  0  0  0  0  0  0  0  9.54875  0  
0  0  0  0  0  0  0  0  0  0  0  0  0  0  0  0  0  0  0  0  0  0  0  0  0  0  0  0  0  0  0  0  0  0  0  0  0  0  0  0  0  0  0  0  0  0  0  0  31.1885  0  0  0  0  0  0  15.8915  0  0  0  0  0  0  0  0  0  0  0  0  0  0  0  34.1682  27.7315  0  0  0  0  0  0  0  32.9622  0  17.8178  0  0  0  23.7054  0  0  0  0  0  0  0  0  0  0  0  32.0221  0  19.9721  0  0  0  0  27.2293  0  33.2385  0  0  0  0  0  0  0  0  0  36.8808  43.3369  0  
0  0  0  0  0  0  0  0  0  0  0  0  0  0  0  0  0  0  0  0  0  0  0  0  0  0  0  0  0  0  0  0  0  0  0  0  0  0  0  0  0  0  0  0  0  0  0  0  0  0  27.934  0  0  0  0  0  0  0  0  0  0  0  0  0  0  0  0  0  22.3281  0  0  0  0  23.9782  0  0  39.2111  7.4738  0  20.694  0  29.9685  0  22.3931  0  0  0  24.2749  0  0  27.3508  20.7252  0  0  0  0  0  0  0  29.0891  0  19.1171  0  0  0  0  0  0  0  44.9257  0  0  0  0  0  0  0  0  0  0  
0  0  0  0  0  0  0  0  0  0  0  0  0  0  0  0  0  0  0  0  0  0  0  0  0  0  0  0  0  0  0  0  0  0  0  0  0  0  0  0  0  0  0  0  0  0  0  0  0  0  0  0  0  0  0  0  0  0  0  0  0  0  0  0  0  0  0  0  33.0666  0  0  12.6201  0  0  0  0  0  0  0  0  0  35.6347  28.1492  0  0  0  0  0  0  0  33.5878  0  0  0  0  0  0  0  0  0  33.1285  0  0  0  0  0  0  0  0  23.5621  0  0  0  0  0  0  0  0  0  0  
0  0  0  0  0  0  0  0  0  0  0  0  0  0  0  0  0  0  0  0  0  0  0  0  0  0  0  0  0  0  0  0  0  0  0  0  0  0  0  0  0  0  0  0  0  0  0  0  0  0  0  0  0  0  33.8117  0  0  0  0  0  0  25.2263  0  33.5856  0  36.1374  0  0  0  0  38.1344  0  0  0  0  41.0802  0  0  0  0  0  0  0  0  0  0  0  0  0  0  0  0  0  0  0  0  27.0247  0  0  0  0  0  0  20.51  0  0  0  0  0  0  0  0  0  0  0  0  0  0  0  0  
0  0  0  0  0  0  0  0  0  0  0  0  0  0  0  0  0  0  0  0  0  0  0  0  0  0  0  0  0  0  0  0  0  0  0  0  0  0  0  0  0  0  0  0  0  0  0  0  0  0  0  0  0  0  0  0  0  0  0  0  0  0  0  0  0  0  0  0  0  25.8383  0  0  0  0  0  0  0  28.2734  0  0  0  0  0  0  0  0  0  0  0  0  0  24.5981  0  0  0  0  0  0  0  0  0  0  0  0  0  0  0  0  0  0  0  0  36.5448  0  0  0  0  0  0  0  
0  0  0  0  0  0  0  0  0  0  0  0  0  0  0  0  0  0  0  0  0  0  0  0  0  0  0  0  0  0  0  0  0  0  0  0  0  0  0  0  0  0  0  0  0  0  0  0  0  0  0  0  0  0  0  0  0  0  0  0  0  0  0  0  0  0  0  32.7116  0  0  0  0  0  0  18.1205  0  0  0  0  0  0  0  0  0  0  0  0  0  0  0  0  0  0  0  0  0  0  0  0  0  0  0  0  0  0  0  0  0  0  0  0  0  0  0  0  0  0  0  0  0  
0  0  0  0  0  0  0  0  0  0  0  0  0  0  0  0  0  0  0  0  0  0  0  0  0  0  0  0  0  0  0  0  0  0  0  0  0  0  0  0  0  0  0  0  0  0  0  0  0  0  0  0  0  0  0  0  0  0  0  0  9.43394  0  31.6572  0  0  0  0  0  0  0  0  0  0  0  0  0  0  0  0  0  0  0  0  0  33.0856  0  0  0  0  27.4633  0  0  0  0  0  0  0  0  0  0  0  0  0  0  5.35958  0  0  0  33.0512  0  0  0  0  0  0  11.956  0  0  0  0  
0  0  0  0  0  0  0  0  0  0  0  0  0  0  0  0  0  0  0  0  0  0  0  0  0  0  0  0  0  0  0  0  0  0  0  0  0  0  0  0  0  0  0  0  0  0  0  0  0  0  0  0  0  0  0  0  0  0  0  0  0  32.5903  0  33.3732  32.1129  0  0  0  0  0  0  0  0  0  0  0  0  0  0  0  0  0  0  0  0  0  0  0  0  0  0  0  0  0  0  0  0  0  0  0  0  0  0  0  0  0  20.2839  0  0  0  0  12.607  0  32.8577  0  0  35.6878  0  0  32.9205  
0  0  0  0  0  0  0  0  0  0  0  0  0  0  0  0  0  0  0  0  0  0  0  0  0  0  0  0  0  0  0  0  0  0  0  0  0  0  0  0  0  0  0  0  0  0  0  0  0  0  0  0  0  0  0  0  0  31.4213  0  0  0  0  0  0  0  0  0  0  0  0  35.9401  0  0  0  0  32.2395  0  0  0  0  0  0  0  0  0  0  0  0  0  0  0  0  0  0  0  0  22.0182  0  0  0  0  0  25.4865  26.3108  0  0  0  0  0  0  0  0  0  0  0  0  0  0  0  0  
0  0  0  0  0  0  0  0  0  0  0  0  0  0  0  0  0  0  0  0  0  0  0  0  0  0  0  0  0  0  0  0  0  0  0  0  0  0  0  0  0  0  0  0  0  0  0  0  0  0  0  0  0  0  0  0  0  0  0  0  0  0  0  0  0  0  0  0  0  0  0  0  24.4253  0  0  0  0  0  0  0  32.9104  0  22.0077  0  0  0  14.5894  0  0  0  0  0  0  0  0  0  0  0  29.5092  0  23.7228  0  0  0  0  29.4336  0  28.348  0  0  0  0  0  0  0  0  0  0  25.6967  0  
0  0  0  0  0  0  0  0  0  0  0  0  0  0  0  0  0  0  0  0  0  0  0  0  0  0  0  0  0  0  0  0  0  0  0  0  0  0  0  0  0  0  0  0  0  0  0  0  0  0  0  0  0  0  0  0  0  0  15.6069  0  0  0  0  0  0  0  11.1108  0  0  0  0  0  0  35.2012  0  0  0  0  26.8537  24.3603  0  0  0  27.8506  0  13.6973  0  0  0  0  0  0  0  12.9309  0  0  0  0  0  23.1568  0  36.02  20.6483  0  0  0  0  0  0  0  0  0  0  0  13.1014  0  0  0  0  0  
0  0  0  0  0  0  0  0  0  0  0  0  0  0  0  0  0  0  0  0  0  0  0  0  0  0  0  0  0  0  0  0  0  0  0  0  0  0  0  0  0  0  0  0  0  0  0  0  0  0  0  0  0  0  0  0  0  0  0  0  0  39.8838  0  36.9262  0  0  0  0  0  0  11.9554  0  0  0  0  6.16483  0  0  0  0  0  0  0  0  0  0  0  0  0  0  0  0  0  0  0  0  21.1064  0  0  0  0  0  0  31.4143  0  0  0  0  0  0  11.455  0  0  0  0  0  0  0  0  0  
0  0  0  0  0  0  0  0  0  0  0  0  0  0  0  0  0  0  0  0  0  0  0  0  0  0  0  0  0  0  0  0  0  0  0  0  0  0  0  0  0  0  0  0  0  0  0  0  0  0  0  0  0  0  0  0  0  0  0  0  0  0  0  0  0  27.9526  26.2329  0  0  0  0  0  0  33.4261  0  0  31.9971  0  0  37.2929  0  0  0  40.7852  0  25.6859  0  0  0  0  0  0  0  6.93035  0  0  0  0  0  23.6922  0  0  23.2264  0  0  0  0  0  0  0  0  0  0  0  34.9508  0  0  0  0  0  
0  0  0  0  0  0  0  0  0  0  0  0  0  0  0  0  0  0  0  0  0  0  0  0  0  0  0  0  0  0  0  0  0  0  0  0  0  0  0  0  0  0  0  0  0  0  0  0  0  0  0  0  0  0  0  0  0  0  0  0  0  0  0  0  0  0  0  0  0  0  0  0  0  0  0  0  0  0  0  0  22.8551  0  0  0  0  0  0  0  0  0  0  0  0  0  0  0  0  0  33.3347  0  0  0  0  0  0  25.2355  0  0  0  0  0  0  9.02032  0  0  0  0  36.8924  0  0  
0  0  0  0  0  0  0  0  0  0  0  0  0  0  0  0  0  0  0  0  0  0  0  0  0  0  0  0  0  0  0  0  0  0  0  0  0  0  0  0  0  0  0  0  0  0  0  0  0  0  0  0  0  0  0  0  0  0  0  0  0  0  31.3906  0  0  0  0  0  0  0  0  0  0  0  0  0  0  0  0  0  0  0  0  0  0  0  0  0  0  32.1886  0  0  0  0  0  44.6934  0  0  0  0  0  0  0  0  13.5459  0  0  0  39.7314  0  0  0  0  0  0  9.0621  0  0  0  0  
0  0  0  0  0  0  0  0  0  0  0  0  0  0  0  0  0  0  0  0  0  0  0  0  0  0  0  0  0  0  0  0  0  0  0  0  0  0  0  0  0  0  0  0  0  0  0  0  0  0  0  0  0  0  0  0  0  0  0  0  0  0  0  12.8472  0  0  0  0  0  0  24.8891  0  0  0  0  30.4966  0  0  0  0  0  0  0  0  0  0  0  0  0  0  0  0  0  0  0  0  29.4356  0  0  0  0  0  0  13.5489  0  0  0  0  0  0  0  27.4151  0  0  0  0  19.5497  0  0  0  
0  0  0  0  0  0  0  0  0  0  0  0  0  0  0  0  0  0  0  0  0  0  0  0  0  0  0  0  0  0  0  0  0  0  0  0  0  0  0  0  0  0  0  0  0  0  0  0  0  0  0  0  0  0  0  0  0  0  0  0  0  0  0  0  27.452  0  0  0  0  0  0  0  0  0  0  0  0  0  0  0  0  0  0  0  20.2496  0  0  0  0  33.4242  0  0  0  0  0  0  0  0  0  0  0  0  0  0  24.3662  0  0  0  12.7094  0  0  0  0  29.5374  0  20.5243  0  0  0  39.893  
0  0  0  0  0  0  0  0  0  0  0  0  0  0  0  0  0  0  0  0  0  0  0  0  0  0  0  0  0  0  0  0  0  0  0  0  0  0  0  0  0  0  0  0  0  0  0  0  0  0  0  0  0  0  0  0  0  0  0  0  0  0  0  0  0  0  0  0  0  0  25.1864  0  0  0  0  41.2012  0  0  0  0  0  0  0  0  0  0  0  0  0  0  0  0  0  0  0  0  35.8332  0  0  0  0  0  0  23.3652  0  0  0  0  0  0  38.2165  26.9347  0  0  0  0  7.93151  0  0  0  
0  0  0  0  0  0  0  0  0  0  0  0  0  0  0  0  0  0  0  0  0  0  0  0  0  0  0  0  0  0  0  0  0  0  0  0  0  0  0  0  0  0  0  0  0  0  0  0  0  0  0  0  0  0  0  0  0  0  0  0  0  0  0  0  0  0  0  0  0  0  0  0  0  0  0  0  0  0  0  0  0  0  0  0  16.1087  0  0  0  0  22.2272  0  0  0  0  0  0  0  16.7709  0  0  0  0  0  0  0  0  17.5333  0  0  0  0  0  0  0.87212  0  0  0  0  0  1.17101  
0  0  0  0  0  0  0  0  0  0  0  0  0  0  0  0  0  0  0  0  0  0  0  0  0  0  0  0  0  0  0  0  0  0  0  0  0  0  0  0  0  0  0  0  0  0  0  0  0  0  0  0  0  0  0  0  0  0  0  0  0  0  0  0  0  0  0  0  0  0  0  0  0  0  0  0  25.2983  0  0  0  0  0  0  0  0  0  0  0  0  0  0  0  0  35.1765  0  0  0  0  0  35.6168  0  0  0  0  0  0  0  0  32.419  0  0  0  0  0  0  0  0  0  0  0  
0  0  0  0  0  0  0  0  0  0  0  0  0  0  0  0  0  0  0  0  0  0  0  0  0  0  0  0  0  0  0  0  0  0  0  0  0  0  0  0  0  0  0  0  0  0  0  0  0  0  0  0  0  0  0  0  0  0  0  0  0  0  0  0  0  0  0  0  0  0  0  0  0  0  0  0  0  0  29.722  39.3297  0  0  0  31.8144  0  4.20821  0  0  0  0  0  0  0  19.5216  0  0  0  0  0  30.3897  0  0  10.5303  0  0  0  0  0  0  0  0  0  0  0  16.8034  0  0  0  0  0  
0  0  0  0  0  0  0  0  0  0  0  0  0  0  0  0  0  0  0  0  0  0  0  0  0  0  0  0  0  0  0  0  0  0  0  0  0  0  0  0  0  0  0  0  0  0  0  0  0  0  0  0  0  0  0  0  0  0  0  0  0  0  0  0  0  0  0  0  0  0  0  0  0  0  17.4648  0  0  0  0  0  0  0  0  0  0  0  0  0  0  0  0  0  0  0  0  0  0  0  0  0  0  0  0  0  0  0  0  0  0  0  0  0  0  0  0  0  0  0  0  0  
0  0  0  0  0  0  0  0  0  0  0  0  0  0  0  0  0  0  0  0  0  0  0  0  0  0  0  0  0  0  0  0  0  0  0  0  0  0  0  0  0  0  0  0  0  0  0  0  0  0  0  0  0  0  0  0  0  0  0  0  0  0  0  0  0  0  0  0  0  0  0  21.7408  0  26.6633  0  0  31.8587  32.6152  0  34.6221  0  8.50787  37.3934  34.0173  0  0  0  10.9158  0  0  8.25607  0  0  0  0  0  0  0  0  31.3986  0  0  0  0  0  0  0  0  0  17.1667  0  0  0  0  0  0  0  31.7205  0  0  
0  0  0  0  0  0  0  0  0  0  0  0  0  0  0  0  0  0  0  0  0  0  0  0  0  0  0  0  0  0  0  0  0  0  0  0  0  0  0  0  0  0  0  0  0  0  0  0  0  0  0  0  0  0  0  0  0  0  0  0  0  0  0  0  0  0  0  0  0  0  0  0  0  0  0  0  0  30.9768  0  0  0  0  0  0  0  0  0  0  0  0  0  25.6426  32.927  0  0  0  0  0  0  0  0  41.98  0  0  0  0  0  0  0  0  0  0  0  0  0  0  0  0  0  0  
0  0  0  0  0  0  0  0  0  0  0  0  0  0  0  0  0  0  0  0  0  0  0  0  0  0  0  0  0  0  0  0  0  0  0  0  0  0  0  0  0  0  0  0  0  0  0  0  0  0  0  0  0  0  0  0  0  0  0  0  0  0  0  0  0  0  0  0  0  0  0  0  0  0  0  10.2805  0  0  0  0  0  0  0  0  0  0  0  0  0  0  0  0  0  0  0  0  20.6593  0  0  0  0  0  0  20.9044  0  0  0  0  0  0  17.422  0  0  0  0  0  35.2824  0  0  0  
0  0  0  0  0  0  0  0  0  0  0  0  0  0  0  0  0  0  0  0  0  0  0  0  0  0  0  0  0  0  0  0  0  0  0  0  0  0  0  0  0  0  0  0  0  0  0  0  0  0  0  0  0  0  0  0  0  0  0  0  0  0  0  0  0  0  0  0  0  0  0  0  0  0  0  0  37.7945  0  0  0  0  25.3801  29.8663  0  0  0  0  28.7  0  0  27.762  0  0  0  0  0  0  0  0  0  0  0  0  0  0  0  0  0  0  16.2956  0  0  0  0  0  0  0  32.5305  0  0  
0  0  0  0  0  0  0  0  0  0  0  0  0  0  0  0  0  0  0  0  0  0  0  0  0  0  0  0  0  0  0  0  0  0  0  0  0  0  0  0  0  0  0  0  0  0  0  0  0  0  0  0  0  0  0  0  0  0  0  0  0  0  0  0  0  0  0  0  0  0  0  0  0  0  0  0  0  0  0  0  0  0  0  0  0  0  34.857  0  0  0  0  0  0  0  30.8103  0  0  0  0  0  17.5502  0  0  0  0  0  0  12.9474  0  0  0  0  0  0  0  0  0  0  10.6803  0  
0  0  0  0  0  0  0  0  0  0  0  0  0  0  0  0  0  0  0  0  0  0  0  0  0  0  0  0  0  0  0  0  0  0  0  0  0  0  0  0  0  0  0  0  0  0  0  0  0  0  0  0  0  0  0  0  0  0  0  0  0  0  0  0  0  0  0  0  0  0  0  0  0  0  0  0  21.9532  26.3564  0  10.0938  0  21.673  0  7.5074  0  0  0  23.7123  0  0  39.4345  37.6943  0  34.7966  0  0  0  0  0  11.463  0  24.6786  0  0  0  0  0  0  0  34.8956  0  0  0  0  32.377  0  0  0  0  0  
0  0  0  0  0  0  0  0  0  0  0  0  0  0  0  0  0  0  0  0  0  0  0  0  0  0  0  0  0  0  0  0  0  0  0  0  0  0  0  0  0  0  0  0  0  0  0  0  0  0  0  0  0  0  0  0  0  0  0  0  0  0  0  0  0  0  0  0  0  0  0  0  0  0  0  0  0  0  0  0  0  0  0  0  0  0  0  0  0  0  0  0  0  0  0  0  0  0  0  0  0  0  0  0  0  0  0  0  0  0  0  0  0  0  0  0  0  0  0  0  
0  0  0  0  0  0  0  0  0  0  0  0  0  0  0  0  0  0  0  0  0  0  0  0  0  0  0  0  0  0  0  0  0  0  0  0  0  0  0  0  0  0  0  0  0  0  0  0  0  0  0  0  0  0  0  0  0  0  0  0  0  0  0  0  0  0  0  0  0  0  0  0  0  0  0  0  0  0  0  0  0  0  0  0  0  0  0  0  0  0  0  0  0  0  0  0  14.707  0  0  0  0  0  0  23.5933  0  0  0  0  0  0  22.0436  0  0  0  0  0  42.3507  0  0  0  
0  0  0  0  0  0  0  0  0  0  0  0  0  0  0  0  0  0  0  0  0  0  0  0  0  0  0  0  0  0  0  0  0  0  0  0  0  0  0  0  0  0  0  0  0  0  0  0  0  0  0  0  0  0  0  0  0  0  0  0  0  0  0  0  0  0  0  0  0  0  0  0  0  0  0  0  0  0  0  32.2523  0  18.6599  0  32.7992  0  0  0  23.3155  0  0  41.1939  0  0  32.013  0  0  0  0  0  20.0258  0  0  0  0  0  0  0  0  0  27.1292  0  0  0  0  0  0  0  0  0  0  
0  0  0  0  0  0  0  0  0  0  0  0  0  0  0  0  0  0  0  0  0  0  0  0  0  0  0  0  0  0  0  0  0  0  0  0  0  0  0  0  0  0  0  0  0  0  0  0  0  0  0  0  0  0  0  0  0  0  0  0  0  0  0  0  0  0  0  0  0  0  0  0  0  0  0  0  0  0  0  27.2339  0  36.0461  0  25.8608  0  0  0  33.0236  0  0  30.5818  11.9768  0  0  0  0  0  0  0  44.9082  0  22.8875  0  0  0  0  0  0  0  0  0  0  0  0  0  0  0  0  0  0  
0  0  0  0  0  0  0  0  0  0  0  0  0  0  0  0  0  0  0  0  0  0  0  0  0  0  0  0  0  0  0  0  0  0  0  0  0  0  0  0  0  0  0  0  0  0  0  0  0  0  0  0  0  0  0  0  0  0  0  0  0  0  0  0  0  0  0  0  0  0  0  0  0  0  0  0  0  0  0  36.7499  0  0  0  30.0783  0  30.2227  0  0  0  0  0  37.2617  0  37.2356  0  0  0  0  0  38.3033  0  20.9492  0  0  0  0  0  0  0  0  0  0  0  0  21.5482  0  0  0  0  0  
0  0  0  0  0  0  0  0  0  0  0  0  0  0  0  0  0  0  0  0  0  0  0  0  0  0  0  0  0  0  0  0  0  0  0  0  0  0  0  0  0  0  0  0  0  0  0  0  0  0  0  0  0  0  0  0  0  0  0  0  0  0  0  0  0  0  0  0  0  0  0  0  0  0  0  0  0  0  0  0  0  33.9969  0  1.36317  0  35.9241  0  25.9603  0  0  0  28.9149  0  28.6869  0  0  0  0  0  15.5836  0  14.1522  0  0  0  0  0  0  0  0  0  0  0  0  23.185  0  0  0  0  0  
0  0  0  0  0  0  0  0  0  0  0  0  0  0  0  0  0  0  0  0  0  0  0  0  0  0  0  0  0  0  0  0  0  0  0  0  0  0  0  0  0  0  0  0  0  0  0  0  0  0  0  0  0  0  0  0  0  0  0  0  0  0  0  0  0  0  0  0  0  0  0  0  0  0  0  0  0  0  0  0  0  0  30.8555  0  0  0  17.4098  0  0  0  0  0  0  0  0  0  0  0  5.84169  0  0  0  0  0  0  12.9993  0  0  0  0  0  0  26.9173  0  0  0  0  29.1696  0  0  
0  0  0  0  0  0  0  0  0  0  0  0  0  0  0  0  0  0  0  0  0  0  0  0  0  0  0  0  0  0  0  0  0  0  0  0  0  0  0  0  0  0  0  0  0  0  0  0  0  0  0  0  0  0  0  0  0  0  0  0  0  0  0  0  0  0  0  0  0  0  0  0  0  0  0  0  0  0  0  0  0  0  0  29.0238  0  0  0  4.09638  0  0  16.2186  0  0  0  0  0  0  0  0  32.0361  0  0  0  0  0  0  0  0  0  10.7977  0  0  0  0  0  0  0  0  0  0  
0  0  0  0  0  0  0  0  0  0  0  0  0  0  0  0  0  0  0  0  0  0  0  0  0  0  0  0  0  0  0  0  0  0  0  0  0  0  0  0  0  0  0  0  0  0  0  0  0  0  0  0  0  0  0  0  0  0  0  0  0  0  0  0  0  0  0  0  0  0  0  0  0  0  0  0  0  0  0  0  0  0  0  0  0  0  19.6598  0  0  0  29.607  0  0  0  0  0  0  0  26.8102  0  34.1828  0  0  0  0  26.8723  0  0  0  0  0  0  0  0  0  0  0  22.0749  0  0  
0  0  0  0  0  0  0  0  0  0  0  0  0  0  0  0  0  0  0  0  0  0  0  0  0  0  0  0  0  0  0  0  0  0  0  0  0  0  0  0  0  0  0  0  0  0  0  0  0  0  0  0  0  0  0  0  0  0  0  0  0  0  0  0  0  0  0  0  0  0  0  0  0  0  0  0  0  0  0  0  0  0  0  0  0  40.5775  0  29.3177  0  0  0  29.0043  0  32.5924  0  0  0  0  0  15.5454  0  14.14  0  0  0  0  0  0  0  0  0  0  0  0  26.4837  0  0  0  0  0  
0  0  0  0  0  0  0  0  0  0  0  0  0  0  0  0  0  0  0  0  0  0  0  0  0  0  0  0  0  0  0  0  0  0  0  0  0  0  0  0  0  0  0  0  0  0  0  0  0  0  0  0  0  0  0  0  0  0  0  0  0  0  0  0  0  0  0  0  0  0  0  0  0  0  0  0  0  0  0  0  0  0  0  0  0  0  0  0  0  14.4779  0  0  0  0  0  0  0  25.7616  0  0  0  0  0  0  27.2809  0  29.4983  0  36.7947  0  0  0  0  14.6283  0  35.4846  0  0  0  17.8557  
0  0  0  0  0  0  0  0  0  0  0  0  0  0  0  0  0  0  0  0  0  0  0  0  0  0  0  0  0  0  0  0  0  0  0  0  0  0  0  0  0  0  0  0  0  0  0  0  0  0  0  0  0  0  0  0  0  0  0  0  0  0  0  0  0  0  0  0  0  0  0  0  0  0  0  0  0  0  0  0  0  0  0  0  0  0  0  0  0  0  0  0  0  20.6975  0  0  0  0  0  36.81  0  0  16.8205  0  0  0  0  0  0  0  0  0  0  0  16.794  0  0  0  0  0  
0  0  0  0  0  0  0  0  0  0  0  0  0  0  0  0  0  0  0  0  0  0  0  0  0  0  0  0  0  0  0  0  0  0  0  0  0  0  0  0  0  0  0  0  0  0  0  0  0  0  0  0  0  0  0  0  0  0  0  0  0  0  0  0  0  0  0  0  0  0  0  0  0  0  0  0  0  0  0  0  0  0  0  0  0  0  0  0  0  0  0  0  0  0  0  0  0  0  13.2732  0  0  0  0  0  0  22.6621  0  0  0  0  0  0  0  0  0  0  0  35.6153  39.6585  0  
0  0  0  0  0  0  0  0  0  0  0  0  0  0  0  0  0  0  0  0  0  0  0  0  0  0  0  0  0  0  0  0  0  0  0  0  0  0  0  0  0  0  0  0  0  0  0  0  0  0  0  0  0  0  0  0  0  0  0  0  0  0  0  0  0  0  0  0  0  0  0  0  0  0  0  0  0  0  0  0  0  0  0  0  0  0  0  0  0  0  19.1163  0  0  0  0  0  0  0  0  29.8514  0  38.2074  0  0  0  0  0  0  0  17.2351  0  0  0  0  0  0  0  0  0  0  
0  0  0  0  0  0  0  0  0  0  0  0  0  0  0  0  0  0  0  0  0  0  0  0  0  0  0  0  0  0  0  0  0  0  0  0  0  0  0  0  0  0  0  0  0  0  0  0  0  0  0  0  0  0  0  0  0  0  0  0  0  0  0  0  0  0  0  0  0  0  0  0  0  0  0  0  0  0  0  0  0  0  0  0  0  0  0  0  0  0  0  0  0  0  12.1049  40.5408  0  0  0  0  0  0  0  0  0  0  0  0  0  0  0  0  0  0  0  0  0  0  0  0  
0  0  0  0  0  0  0  0  0  0  0  0  0  0  0  0  0  0  0  0  0  0  0  0  0  0  0  0  0  0  0  0  0  0  0  0  0  0  0  0  0  0  0  0  0  0  0  0  0  0  0  0  0  0  0  0  0  0  0  0  0  0  0  0  0  0  0  0  0  0  0  0  0  0  0  0  0  0  0  0  0  0  0  0  0  0  0  0  0  0  0  0  0  0  0  0  0  11.726  0  0  0  0  0  0  25.8252  0  40.3776  0  0  0  0  0  0  21.2832  0  28.9307  0  0  0  25.7294  
0  0  0  0  0  0  0  0  0  0  0  0  0  0  0  0  0  0  0  0  0  0  0  0  0  0  0  0  0  0  0  0  0  0  0  0  0  0  0  0  0  0  0  0  0  0  0  0  0  0  0  0  0  0  0  0  0  0  0  0  0  0  0  0  0  0  0  0  0  0  0  0  0  0  0  0  0  0  0  0  0  0  0  0  0  0  0  0  0  0  0  0  0  0  0  0  0  0  0  0  0  0  0  0  0  0  0  0  0  25.0426  0  0  0  0  0  0  0  22.03  0  0  
0  0  0  0  0  0  0  0  0  0  0  0  0  0  0  0  0  0  0  0  0  0  0  0  0  0  0  0  0  0  0  0  0  0  0  0  0  0  0  0  0  0  0  0  0  0  0  0  0  0  0  0  0  0  0  0  0  0  0  0  0  0  0  0  0  0  0  0  0  0  0  0  0  0  0  0  0  0  0  0  0  0  0  0  0  0  0  0  0  0  0  0  0  0  0  0  0  0  0  0  0  18.1877  0  0  0  0  0  0  0  0  0  0  0  0  0  0  0  0  0  0  
0  0  0  0  0  0  0  0  0  0  0  0  0  0  0  0  0  0  0  0  0  0  0  0  0  0  0  0  0  0  0  0  0  0  0  0  0  0  0  0  0  0  0  0  0  0  0  0  0  0  0  0  0  0  0  0  0  0  0  0  0  0  0  0  0  0  0  0  0  0  0  0  0  0  0  0  0  0  0  0  0  0  0  0  0  0  0  0  0  0  0  0  0  0  0  0  0  0  0  0  0  0  0  0  0  0  0  0  0  0  0  0  0  0  0  0  0  0  0  0  
0  0  0  0  0  0  0  0  0  0  0  0  0  0  0  0  0  0  0  0  0  0  0  0  0  0  0  0  0  0  0  0  0  0  0  0  0  0  0  0  0  0  0  0  0  0  0  0  0  0  0  0  0  0  0  0  0  0  0  0  0  0  0  0  0  0  0  0  0  0  0  0  0  0  0  0  0  0  0  0  0  0  0  0  0  0  0  0  0  0  0  0  0  0  0  0  0  0  0  16.6356  0  0  21.001  0  0  0  0  0  0  0  0  0  0  0  21.0014  0  0  0  0  0  
0  0  0  0  0  0  0  0  0  0  0  0  0  0  0  0  0  0  0  0  0  0  0  0  0  0  0  0  0  0  0  0  0  0  0  0  0  0  0  0  0  0  0  0  0  0  0  0  0  0  0  0  0  0  0  0  0  0  0  0  0  0  0  0  0  0  0  0  0  0  0  0  0  0  0  0  0  0  0  0  0  0  0  0  0  0  0  0  0  0  0  0  0  0  0  31.8159  0  0  0  0  35.8933  0  0  0  0  0  0  26.8797  0  0  0  0  0  0  0  0  0  0  0  0  
0  0  0  0  0  0  0  0  0  0  0  0  0  0  0  0  0  0  0  0  0  0  0  0  0  0  0  0  0  0  0  0  0  0  0  0  0  0  0  0  0  0  0  0  0  0  0  0  0  0  0  0  0  0  0  0  0  0  0  0  0  0  0  0  0  0  0  0  0  0  0  0  0  0  0  0  0  0  0  0  0  0  0  0  0  0  0  0  0  0  0  0  0  0  0  0  0  0  0  0  26.3657  0  0  0  0  0  0  33.8514  0  0  0  0  0  0  0  0  0  0  0  0  
0  0  0  0  0  0  0  0  0  0  0  0  0  0  0  0  0  0  0  0  0  0  0  0  0  0  0  0  0  0  0  0  0  0  0  0  0  0  0  0  0  0  0  0  0  0  0  0  0  0  0  0  0  0  0  0  0  0  0  0  0  0  0  0  0  0  0  0  0  0  0  0  0  0  0  0  0  0  0  0  0  0  0  0  0  0  0  0  0  0  0  0  0  0  0  0  0  0  0  0  0  0  0  11.1872  0  0  0  0  0  0  31.544  0  0  0  0  0  45.8408  0  0  0  
0  0  0  0  0  0  0  0  0  0  0  0  0  0  0  0  0  0  0  0  0  0  0  0  0  0  0  0  0  0  0  0  0  0  0  0  0  0  0  0  0  0  0  0  0  0  0  0  0  0  0  0  0  0  0  0  0  0  0  0  0  0  0  0  0  0  0  0  0  0  0  0  0  0  0  0  0  0  0  0  0  0  0  0  0  0  0  0  0  0  0  0  0  0  0  0  0  0  0  0  0  0  0  0  36.0812  0  32.0017  0  0  0  0  0  0  20.8323  0  0  0  0  0  21.1991  
0  0  0  0  0  0  0  0  0  0  0  0  0  0  0  0  0  0  0  0  0  0  0  0  0  0  0  0  0  0  0  0  0  0  0  0  0  0  0  0  0  0  0  0  0  0  0  0  0  0  0  0  0  0  0  0  0  0  0  0  0  0  0  0  0  0  0  0  0  0  0  0  0  0  0  0  0  0  0  0  0  0  0  0  0  0  0  0  0  0  0  0  0  0  0  0  0  0  0  0  0  0  0  0  0  13.4664  0  0  0  0  0  0  38.2751  0  0  0  0  28.5677  0  0  
0  0  0  0  0  0  0  0  0  0  0  0  0  0  0  0  0  0  0  0  0  0  0  0  0  0  0  0  0  0  0  0  0  0  0  0  0  0  0  0  0  0  0  0  0  0  0  0  0  0  0  0  0  0  0  0  0  0  0  0  0  0  0  0  0  0  0  0  0  0  0  0  0  0  0  0  0  0  0  0  0  0  0  0  0  0  0  0  0  0  0  0  0  0  0  0  0  0  0  0  0  29.4951  42.4495  0  0  0  0  0  0  0  0  0  0  0  22.8732  0  0  0  0  0  
0  0  0  0  0  0  0  0  0  0  0  0  0  0  0  0  0  0  0  0  0  0  0  0  0  0  0  0  0  0  0  0  0  0  0  0  0  0  0  0  0  0  0  0  0  0  0  0  0  0  0  0  0  0  0  0  0  0  0  0  0  0  0  0  0  0  0  0  0  0  0  0  0  0  0  0  0  0  0  0  0  0  0  0  0  0  0  0  0  0  0  0  0  0  0  0  0  0  0  0  0  0  0  0  0  0  0  15.3527  0  0  0  0  0  0  0  0  0  0  25.9344  0  
0  0  0  0  0  0  0  0  0  0  0  0  0  0  0  0  0  0  0  0  0  0  0  0  0  0  0  0  0  0  0  0  0  0  0  0  0  0  0  0  0  0  0  0  0  0  0  0  0  0  0  0  0  0  0  0  0  0  0  0  0  0  0  0  0  0  0  0  0  0  0  0  0  0  0  0  0  0  0  0  0  0  0  0  0  0  0  0  0  0  0  0  0  0  0  0  0  0  0  0  0  0  0  0  0  0  0  0  0  0  0  0  0  0  29.4204  0  0  0  0  0  
0  0  0  0  0  0  0  0  0  0  0  0  0  0  0  0  0  0  0  0  0  0  0  0  0  0  0  0  0  0  0  0  0  0  0  0  0  0  0  0  0  0  0  0  0  0  0  0  0  0  0  0  0  0  0  0  0  0  0  0  0  0  0  0  0  0  0  0  0  0  0  0  0  0  0  0  0  0  0  0  0  0  0  0  0  0  0  0  0  0  0  0  0  0  0  0  0  0  0  0  0  0  0  0  0  0  0  0  0  0  0  0  0  0  29.2294  0  0  0  0  0  
0  0  0  0  0  0  0  0  0  0  0  0  0  0  0  0  0  0  0  0  0  0  0  0  0  0  0  0  0  0  0  0  0  0  0  0  0  0  0  0  0  0  0  0  0  0  0  0  0  0  0  0  0  0  0  0  0  0  0  0  0  0  0  0  0  0  0  0  0  0  0  0  0  0  0  0  0  0  0  0  0  0  0  0  0  0  0  0  0  0  0  0  0  0  0  0  0  0  0  0  0  0  0  0  0  0  0  0  0  0  44.5949  36.0723  0  0  0  0  27.9954  0  0  0  
0  0  0  0  0  0  0  0  0  0  0  0  0  0  0  0  0  0  0  0  0  0  0  0  0  0  0  0  0  0  0  0  0  0  0  0  0  0  0  0  0  0  0  0  0  0  0  0  0  0  0  0  0  0  0  0  0  0  0  0  0  0  0  0  0  0  0  0  0  0  0  0  0  0  0  0  0  0  0  0  0  0  0  0  0  0  0  0  0  0  0  0  0  0  0  0  0  0  0  0  0  0  0  0  0  0  0  0  34.0749  0  0  0  0  0  0  10.426  0  0  0  0  
0  0  0  0  0  0  0  0  0  0  0  0  0  0  0  0  0  0  0  0  0  0  0  0  0  0  0  0  0  0  0  0  0  0  0  0  0  0  0  0  0  0  0  0  0  0  0  0  0  0  0  0  0  0  0  0  0  0  0  0  0  0  0  0  0  0  0  0  0  0  0  0  0  0  0  0  0  0  0  0  0  0  0  0  0  0  0  0  0  0  0  0  0  0  0  0  0  0  0  0  0  0  0  0  0  0  0  0  0  0  0  0  27.667  0  0  0  0  17.5746  0  0  
0  0  0  0  0  0  0  0  0  0  0  0  0  0  0  0  0  0  0  0  0  0  0  0  0  0  0  0  0  0  0  0  0  0  0  0  0  0  0  0  0  0  0  0  0  0  0  0  0  0  0  0  0  0  0  0  0  0  0  0  0  0  0  0  0  0  0  0  0  0  0  0  0  0  0  0  0  0  0  0  0  0  0  0  0  0  0  0  0  0  0  0  0  0  0  0  0  0  0  0  0  0  0  0  0  0  0  0  0  0  0  29.3082  0  17.5278  0  0  0  0  0  16.9726  
0  0  0  0  0  0  0  0  0  0  0  0  0  0  0  0  0  0  0  0  0  0  0  0  0  0  0  0  0  0  0  0  0  0  0  0  0  0  0  0  0  0  0  0  0  0  0  0  0  0  0  0  0  0  0  0  0  0  0  0  0  0  0  0  0  0  0  0  0  0  0  0  0  0  0  0  0  0  0  0  0  0  0  0  0  0  0  0  0  0  0  0  0  0  0  0  0  0  0  0  0  0  0  0  0  0  0  0  0  0  0  0  0  0  0  0  0  0  17.7443  0  
0  0  0  0  0  0  0  0  0  0  0  0  0  0  0  0  0  0  0  0  0  0  0  0  0  0  0  0  0  0  0  0  0  0  0  0  0  0  0  0  0  0  0  0  0  0  0  0  0  0  0  0  0  0  0  0  0  0  0  0  0  0  0  0  0  0  0  0  0  0  0  0  0  0  0  0  0  0  0  0  0  0  0  0  0  0  0  0  0  0  0  0  0  0  0  0  0  0  0  0  0  0  0  0  0  0  0  0  0  0  0  0  0  0  0  26.2293  0  0  0  0  
0  0  0  0  0  0  0  0  0  0  0  0  0  0  0  0  0  0  0  0  0  0  0  0  0  0  0  0  0  0  0  0  0  0  0  0  0  0  0  0  0  0  0  0  0  0  0  0  0  0  0  0  0  0  0  0  0  0  0  0  0  0  0  0  0  0  0  0  0  0  0  0  0  0  0  0  0  0  0  0  0  0  0  0  0  0  0  0  0  0  0  0  0  0  0  0  0  0  0  0  0  0  0  0  0  0  0  0  0  0  0  0  0  0  0  0  0  0  0  0  
0  0  0  0  0  0  0  0  0  0  0  0  0  0  0  0  0  0  0  0  0  0  0  0  0  0  0  0  0  0  0  0  0  0  0  0  0  0  0  0  0  0  0  0  0  0  0  0  0  0  0  0  0  0  0  0  0  0  0  0  0  0  0  0  0  0  0  0  0  0  0  0  0  0  0  0  0  0  0  0  0  0  0  0  0  0  0  0  0  0  0  0  0  0  0  0  0  0  0  0  0  0  0  0  0  0  0  0  0  0  0  0  0  0  0  0  0  0  0  0  
0  0  0  0  0  0  0  0  0  0  0  0  0  0  0  0  0  0  0  0  0  0  0  0  0  0  0  0  0  0  0  0  0  0  0  0  0  0  0  0  0  0  0  0  0  0  0  0  0  0  0  0  0  0  0  0  0  0  0  0  0  0  0  0  0  0  0  0  0  0  0  0  0  0  0  0  0  0  0  0  0  0  0  0  0  0  0  0  0  0  0  0  0  0  0  0  0  0  0  0  0  0  0  0  0  0  0  0  0  0  0  0  0  0  0  0  22.5076  0  0  0  
0  0  0  0  0  0  0  0  0  0  0  0  0  0  0  0  0  0  0  0  0  0  0  0  0  0  0  0  0  0  0  0  0  0  0  0  0  0  0  0  0  0  0  0  0  0  0  0  0  0  0  0  0  0  0  0  0  0  0  0  0  0  0  0  0  0  0  0  0  0  0  0  0  0  0  0  0  0  0  0  0  0  0  0  0  0  0  0  0  0  0  0  0  0  0  0  0  0  0  0  0  0  0  0  0  0  0  0  0  0  0  0  0  0  0  0  0  31.6854  0  0  
0  0  0  0  0  0  0  0  0  0  0  0  0  0  0  0  0  0  0  0  0  0  0  0  0  0  0  0  0  0  0  0  0  0  0  0  0  0  0  0  0  0  0  0  0  0  0  0  0  0  0  0  0  0  0  0  0  0  0  0  0  0  0  0  0  0  0  0  0  0  0  0  0  0  0  0  0  0  0  0  0  0  0  0  0  0  0  0  0  0  0  0  0  0  0  0  0  0  0  0  0  0  0  0  0  0  0  0  0  0  0  0  0  0  0  0  0  0  0  1.78473  
0  0  0  0  0  0  0  0  0  0  0  0  0  0  0  0  0  0  0  0  0  0  0  0  0  0  0  0  0  0  0  0  0  0  0  0  0  0  0  0  0  0  0  0  0  0  0  0  0  0  0  0  0  0  0  0  0  0  0  0  0  0  0  0  0  0  0  0  0  0  0  0  0  0  0  0  0  0  0  0  0  0  0  0  0  0  0  0  0  0  0  0  0  0  0  0  0  0  0  0  0  0  0  0  0  0  0  0  0  0  0  0  0  0  0  0  0  0  0  0  
0  0  0  0  0  0  0  0  0  0  0  0  0  0  0  0  0  0  0  0  0  0  0  0  0  0  0  0  0  0  0  0  0  0  0  0  0  0  0  0  0  0  0  0  0  0  0  0  0  0  0  0  0  0  0  0  0  0  0  0  0  0  0  0  0  0  0  0  0  0  0  0  0  0  0  0  0  0  0  0  0  0  0  0  0  0  0  0  0  0  0  0  0  0  0  0  0  0  0  0  0  0  0  0  0  0  0  0  0  0  0  0  0  0  0  0  0  0  0  0  
0  0  0  0  0  0  0  0  0  0  0  0  0  0  0  0  0  0  0  0  0  0  0  0  0  0  0  0  0  0  0  0  0  0  0  0  0  0  0  0  0  0  0  0  0  0  0  0  0  0  0  0  0  0  0  0  0  0  0  0  0  0  0  0  0  0  0  0  0  0  0  0  0  0  0  0  0  0  0  0  0  0  0  0  0  0  0  0  0  0  0  0  0  0  0  0  0  0  0  0  0  0  0  0  0  0  0  0  0  0  0  0  0  0  0  0  0  0  0  0  
0  0  0  0  0  0  0  0  0  0  0  0  0  0  0  0  0  0  0  0  0  0  0  0  0  0  0  0  0  0  0  0  0  0  0  0  0  0  0  0  0  0  0  0  0  0  0  0  0  0  0  0  0  0  0  0  0  0  0  0  0  0  0  0  0  0  0  0  0  0  0  0  0  0  0  0  0  0  0  0  0  0  0  0  0  0  0  0  0  0  0  0  0  0  0  0  0  0  0  0  0  0  0  0  0  0  0  0  0  0  0  0  0  0  0  0  0  0  0  0  
0  0  0  0  0  0  0  0  0  0  0  0  0  0  0  0  0  0  0  0  0  0  0  0  0  0  0  0  0  0  0  0  0  0  0  0  0  0  0  0  0  0  0  0  0  0  0  0  0  0  0  0  0  0  0  0  0  0  0  0  0  0  0  0  0  0  0  0  0  0  0  0  0  0  0  0  0  0  0  0  0  0  0  0  0  0  0  0  0  0  0  0  0  0  0  0  0  0  0  0  0  0  0  0  0  0  0  0  0  0  0  0  0  0  0  0  0  0  0  0  
0  0  0  0  0  0  0  0  0  0  0  0  0  0  0  0  0  0  0  0  0  0  0  0  0  0  0  0  0  0  0  0  0  0  0  0  0  0  0  0  0  0  0  0  0  0  0  0  0  0  0  0  0  0  0  0  0  0  0  0  0  0  0  0  0  0  0  0  0  0  0  0  0  0  0  0  0  0  0  0  0  0  0  0  0  0  0  0  0  0  0  0  0  0  0  0  0  0  0  0  0  0  0  0  0  0  0  0  0  0  0  0  0  0  0  0  0  0  0  0  
