0  0  0  0  0  0  0  0  0  0  0  0  0  0  0  0  0  0  0  0  0  0  0  0  0  0  0  0  0  0  0  0  0  0  0  0  0  0  0  0  0  0  0  0  0  0  0  0  0  0  0  0  0  0  0  0  0  0  0  0  0  0  0  0  0  0  0  0  0  0  0  0  0  0  0  0  0  0  0  0  0  0  0  0  0  0  0  0  0  0  0  28.4945  0  0  0  0  0  0  0  0  14.9977  0  0  0  0  0  0  0  0  0  0  0  0  0  0  31.3165  0  0  0  0  
0  0  0  0  0  0  0  0  0  0  0  0  0  0  0  0  0  0  0  0  0  0  0  23.9906  0  39.9752  0  0  0  0  23.4008  13.8738  21.0596  0  0  0  0  0  36.9689  0  0  0  0  0  0  16.6558  5.8072  0  0  0  0  0  8.56603  0  0  14.5512  0  0  0  20.1988  0  0  27.4286  0  0  0  0  0  0  0  26.4298  0  0  0  0  24.1382  0  0  0  6.63571  0  0  0  0  20.5656  0  31.6196  0  0  0  0  0  0  0  0  0  0  0  20.6797  0  0  0  0  0  40.099  0  0  0  0  0  0  30.575  0  0  0  0  0  0  0  0  
0  0  0  0  0  0  0  0  0  0  0  0  0  0  0  0  0  0  0  0  0  0  0  8.51653  0  19.8009  0  0  0  0  26.8566  23.3752  4.64669  0  0  23.3929  0  0  0  0  0  0  0  0  0  25.6529  30.6703  0  0  0  0  0  23.8745  0  19.12  16.6511  0  0  0  6.65743  0  0  4.84992  0  0  0  0  0  0  0  39.1804  0  0  0  0  23.8422  0  0  0  19.0237  0  0  0  0  15.0234  0  28.4485  0  0  0  0  0  0  0  0  0  0  0  18.257  0  0  0  0  0  0  0  0  0  0  0  0  27.2099  0  0  0  0  0  0  0  0  
0  0  0  0  0  0  0  0  0  0  0  0  0  0  0  0  0  0  0  0  0  0  0  0  0  0  0  12.1845  0  0  0  0  0  0  0  0  0  30.6172  0  0  0  19.414  38.1957  0  0  0  0  30.1497  9.44741  11.8135  0  37.7023  0  25.5086  0  0  13.9613  37.7542  16.3386  0  0  20.686  0  0  21.9231  0  0  16.5279  0  17.6182  0  0  0  4.46252  16.2425  0  0  0  0  0  0  0  0  0  0  0  0  0  0  31.861  0  0  0  0  0  0  0  0  0  0  0  0  0  0  0  26.5521  0  0  12.4832  0  0  0  0  26.0583  0  0  0  0  0  0  
0  0  0  0  0  0  0  0  0  0  0  0  0  0  0  0  0  0  0  0  39.1761  0  0  0  0  0  0  0  0  0  0  0  0  0  0  0  0  0  0  0  0  0  0  0  0  0  0  0  0  0  0  0  0  0  0  0  0  0  0  0  0  0  0  0  0  0  0  0  0  0  0  0  19.1248  0  0  0  0  29.8492  0  0  0  0  0  0  0  34.0793  0  0  0  0  0  17.2645  0  39.5933  0  0  0  0  0  0  18.1419  0  0  0  0  0  0  0  0  0  0  0  0  0  0  27.241  0  25.8975  0  0  
0  0  0  0  0  0  0  0  0  0  0  0  0  0  0  0  0  0  0  0  0  0  0  0  0  0  0  0  0  0  0  0  0  0  0  0  0  0  0  0  0  0  0  0  0  0  0  0  0  0  0  0  0  0  0  0  0  0  0  0  0  0  0  0  0  0  0  0  0  0  0  0  0  0  0  0  0  0  0  0  0  0  0  0  0  0  0  0  0  0  28.3824  0  0  0  15.1938  0  0  0  0  0  0  0  39.1179  0  0  0  0  0  0  0  0  0  0  0  0  0  0  0  0  0  
0  0  0  0  0  0  0  0  0  0  0  0  0  0  0  0  0  0  0  0  0  0  0  0  0  0  0  0  0  0  0  0  0  0  0  0  0  0  0  0  0  0  0  0  0  0  0  0  0  0  0  0  0  0  0  0  0  0  0  0  0  39.6945  0  0  0  0  0  0  0  0  0  0  0  0  0  0  0  0  0  0  0  0  0  15.669  0  0  0  35.6723  0  0  0  0  0  0  0  0  13.6899  0  0  0  0  0  0  0  0  0  21.7398  0  0  0  0  0  0  0  0  0  0  0  0  4.38386  
0  0  0  0  0  0  0  0  0  0  0  0  0  0  0  0  0  0  0  0  0  0  0  0  0  0  0  0  0  0  0  0  0  0  0  0  0  17.9211  0  0  0  0  9.5598  0  4.77893  0  0  13.3788  30.7978  0  0  23.9614  0  31.4066  0  0  0  19.2068  0  0  0  0  0  0  0  0  0  37.4918  0  0  0  0  0  36.1967  31.8357  0  0  0  0  0  0  0  0  0  0  0  0  39.0332  0  0  0  0  0  0  0  0  0  0  0  37.4122  0  0  0  0  0  0  0  26.3547  36.5655  0  0  0  0  27.1317  0  0  0  0  0  0  
0  0  0  0  0  0  0  0  0  0  0  0  0  0  0  0  0  0  0  0  0  0  0  0  0  0  0  0  0  0  0  0  0  0  0  0  0  0  0  0  0  0  0  0  0  0  0  0  0  0  0  0  0  0  0  0  0  0  0  0  0  0  0  0  0  0  0  0  0  0  0  0  0  0  0  0  0  0  0  0  0  0  0  0  0  0  0  0  0  0  0  0  0  0  0  0  0  0  0  0  0  0  0  0  0  0  0  0  0  0  0  0  0  0  0  0  0  0  37.5763  0  
0  0  0  0  0  0  0  0  0  0  0  0  0  0  0  0  0  0  0  0  0  0  0  37.5544  0  0  0  0  0  0  27.8854  21.1275  30.5911  0  0  0  42.9999  0  38.9992  0  0  0  0  0  0  13.6124  9.41599  0  0  0  0  0  13.6884  0  0  18.8418  0  0  0  31.1266  0  0  36.1351  0  0  34.4839  0  0  0  0  31.5217  0  0  0  0  39.5657  0  0  0  13.4567  32.1798  0  0  0  25.5538  0  0  0  0  0  39.1196  0  0  0  0  0  0  0  31.0257  0  0  0  0  0  25.6096  0  0  0  0  0  0  42.2369  30.4509  0  0  0  0  0  0  0  
0  0  0  0  0  0  0  0  0  0  0  0  0  0  0  0  0  0  0  0  0  0  0  0  0  0  0  0  0  0  0  0  0  0  0  0  0  0  0  0  0  0  0  0  0  0  0  0  0  0  0  0  0  0  0  0  0  0  0  0  0  0  0  0  0  0  0  0  0  0  0  0  38.1873  0  0  0  0  31.6434  0  0  0  0  0  0  0  0  0  0  0  0  0  20.043  0  29.196  0  0  0  0  0  0  16.1187  0  0  0  0  0  0  0  0  0  0  0  0  0  0  16.2875  0  0  0  0  
0  0  0  0  0  0  0  0  0  0  0  0  0  0  0  0  0  0  0  0  0  0  0  0  0  0  0  0  0  0  0  0  0  0  0  0  0  0  0  0  0  38.4218  0  0  0  0  0  0  0  0  0  0  0  0  0  0  0  0  0  0  0  0  0  0  34.3757  0  0  0  0  0  0  0  0  0  0  0  0  0  0  0  0  0  0  43.7216  0  0  0  0  0  0  0  0  0  0  0  0  31.3784  0  0  0  0  0  0  23.7377  0  26.8613  21.1174  0  0  0  0  0  0  0  0  0  22.485  0  0  37.2484  
0  0  0  0  0  0  0  0  0  0  0  0  0  0  0  0  0  0  0  0  0  0  0  0  0  0  0  0  0  0  0  0  0  0  0  0  0  0  0  0  0  0  0  0  0  0  0  0  0  0  0  0  0  0  0  0  0  0  0  0  0  0  0  0  0  0  0  0  0  0  0  0  0  0  0  0  0  0  0  0  0  21.7516  0  0  0  0  0  0  0  0  0  0  44.3057  0  0  0  0  0  0  8.60137  0  0  0  0  0  0  0  0  0  25.5517  0  0  0  0  0  0  0  0  28.2889  0  
0  0  0  0  0  0  0  0  0  0  0  0  0  0  0  0  0  0  0  0  0  0  0  0  0  0  0  0  0  0  0  0  0  0  0  0  0  27.8623  0  0  0  0  24.1904  0  27.5587  0  0  16.4747  22.2958  0  0  2.60894  0  10.6315  0  0  0  29.2068  0  0  0  0  0  0  0  0  0  0  0  0  0  0  0  30.5387  32.9357  0  0  0  0  0  0  0  0  0  0  0  0  0  0  17.5746  0  0  0  0  0  0  0  0  0  0  0  0  0  0  0  0  0  0  20.8552  0  0  0  0  0  0  0  0  0  0  0  
0  0  0  0  0  0  0  0  0  0  0  0  0  0  0  0  0  0  0  0  0  0  0  0  0  0  0  0  0  0  0  0  0  0  0  0  0  0  0  0  0  0  0  0  0  0  0  0  0  0  0  0  0  0  0  0  0  0  0  0  0  0  0  0  0  0  0  0  0  0  0  0  0  0  0  0  0  0  0  0  0  39.9914  0  0  0  0  0  0  0  0  0  0  0  0  0  0  0  0  0  0  0  0  0  0  0  0  0  0  0  27.8227  0  0  0  0  0  0  0  0  25.4356  0  
0  0  0  0  0  0  0  0  0  0  0  0  0  0  0  0  0  0  0  0  0  0  0  31.2946  0  20.161  0  0  0  0  0  0  33.0952  0  0  26.005  0  0  0  0  0  0  0  0  0  0  0  0  0  0  0  0  0  0  16.9322  0  0  0  0  42.2792  0  0  36.3706  0  0  0  0  0  0  0  0  0  0  0  0  35.8051  0  0  0  0  0  0  0  0  0  0  0  0  26.4447  0  0  0  0  0  0  0  0  0  0  0  0  0  0  0  0  0  0  0  0  0  0  0  0  0  0  0  0  0  0  0  
0  0  0  0  0  0  0  0  0  0  0  0  0  0  0  0  0  0  0  0  0  0  20.7391  0  26.0035  0  0  0  39.461  19.8666  0  0  0  20.8326  21.2535  0  16.8342  0  0  0  12.3774  0  0  0  0  0  0  0  0  0  0  0  0  0  0  0  0  0  0  0  0  0  0  0  0  19.6713  19.9808  0  17.706  0  0  0  0  0  0  0  12.0573  0  0  0  29.9679  0  0  0  0  0  0  0  0  0  0  0  0  0  0  21.9959  0  0  0  0  0  17.0049  0  0  26.5755  0  0  0  0  0  0  0  35.5635  0  22.1948  0  0  0  0  0  
0  0  0  0  0  0  0  0  0  0  0  0  0  0  0  0  0  0  0  0  0  0  19.2353  0  16.5817  0  0  0  15.1318  12.4951  0  0  0  7.75326  11.0951  0  23.8496  0  0  0  8.15404  0  0  0  0  0  0  0  0  0  0  0  0  0  0  0  0  0  0  0  0  0  0  0  0  21.2544  1.19768  0  2.95745  0  0  0  0  0  0  0  10.7712  0  0  0  22.5525  0  0  0  0  0  0  0  0  0  0  0  30.504  0  0  24.899  0  0  0  0  0  5.69377  0  0  35.6241  0  0  0  0  0  0  0  27.3081  0  0  0  0  0  0  0  
0  0  0  0  0  0  0  0  0  0  0  0  0  0  0  0  0  0  0  0  0  0  31.1107  0  26.2841  0  0  0  18.2555  9.53505  0  0  0  6.16516  23.2617  0  32.4092  0  0  0  11.5037  0  0  0  0  0  0  0  0  0  0  0  0  0  0  0  0  0  0  0  0  0  0  0  0  31.5503  11.1378  0  9.99536  0  0  0  0  0  0  0  19.1298  0  0  0  34.152  0  0  0  0  0  0  0  0  0  0  0  28.8572  0  0  18.5245  0  0  0  0  0  13.3932  0  0  0  0  0  31.0745  0  0  0  0  40.766  0  0  0  0  0  0  0  
0  0  0  0  0  0  0  0  0  0  0  0  0  0  0  0  0  0  0  0  27.9331  45.2099  0  0  0  0  35.8009  0  0  0  0  0  0  0  0  0  0  0  0  40.7071  0  0  0  26.8629  0  0  0  0  0  0  31.3745  0  0  0  0  0  0  0  0  0  29.9179  0  0  43.8363  0  0  0  0  0  0  0  33.3898  9.99896  0  0  0  0  14.6102  32.8458  0  0  0  31.5144  0  0  34.4859  0  0  0  0  0  8.0004  0  24.7978  0  0  0  0  0  0  21.744  0  0  0  0  0  0  0  0  0  0  0  0  0  0  14.4758  0  38.4705  0  0  
0  0  0  0  0  0  0  0  0  0  0  0  0  0  0  0  0  0  0  0  0  14.2918  0  0  0  0  18.8249  0  0  0  0  0  0  0  0  0  0  0  0  28.4318  0  0  0  22.7926  0  0  0  0  0  0  9.89872  0  0  0  0  0  0  0  0  0  21.5032  0  0  14.6607  0  0  0  0  0  0  0  14.5707  21.5064  0  0  0  0  28.3953  16.1867  0  0  0  13.3033  0  0  21.5595  0  0  0  0  0  33.1537  0  39.4648  0  0  41.6761  0  0  0  0  0  0  0  0  0  0  0  0  0  0  0  0  0  0  37.2044  0  22.7055  0  0  
0  0  0  0  0  0  0  0  0  0  0  0  0  0  0  0  0  0  0  0  0  0  0  0  0  0  6.46179  0  0  0  0  0  0  0  0  0  0  0  0  23.5098  0  0  0  15.7784  0  0  0  0  0  0  3.75513  0  0  0  0  0  0  0  0  0  16.0245  0  0  3.18919  0  0  0  0  0  0  0  8.87052  26.5133  0  0  0  0  28.2802  3.83327  0  0  0  3.46443  0  0  35.6797  0  0  0  0  0  0  0  36.898  0  0  0  0  0  0  0  0  0  0  0  0  0  0  0  0  0  0  0  0  0  0  0  40.6361  0  0  
0  0  0  0  0  0  0  0  0  0  0  0  0  0  0  0  0  0  0  0  0  0  0  0  11.8657  0  0  0  27.0743  31.7043  0  0  0  28.6751  7.22235  0  5.66545  0  0  0  17.26  0  0  0  0  0  0  0  0  0  0  0  0  0  0  0  0  0  0  0  0  0  0  0  0  7.27096  18.0427  0  17.8057  0  0  0  0  0  0  0  10.111  0  0  0  10.065  0  0  0  0  0  0  0  0  0  0  0  0  0  0  42.2413  0  0  0  0  0  15.1807  0  0  23.5002  0  0  0  0  0  0  0  15.9865  0  30.0651  0  0  0  0  0  
0  0  0  0  0  0  0  0  0  0  0  0  0  0  0  0  0  0  0  0  0  0  0  0  0  23.8719  0  0  0  0  31.7728  29.7309  12.8107  0  0  30.2756  0  0  0  0  0  0  0  0  0  0  35.5629  0  0  0  0  0  29.1608  0  19.3848  18.2953  0  0  0  6.87665  0  0  4.90051  0  0  0  0  0  0  0  0  0  0  0  0  29.6608  0  0  0  23.2149  0  0  0  0  12.3302  0  37.2143  0  0  0  0  0  0  0  0  0  0  0  28.5357  0  0  0  33.8727  0  0  0  0  0  0  0  0  29.5447  0  0  0  0  0  0  0  0  
0  0  0  0  0  0  0  0  0  0  0  0  0  0  0  0  0  0  0  0  0  0  0  0  0  0  0  0  17.6625  30.382  0  0  0  27.6856  6.66815  0  20.2052  0  0  0  26.3303  0  0  0  0  0  0  0  0  0  0  0  0  0  0  0  0  0  0  0  0  0  0  0  0  15.6849  16.7128  0  19.0485  0  0  0  0  0  0  0  16.1491  0  0  0  15.9606  0  0  0  0  0  0  0  0  0  0  0  26.7226  0  0  0  0  0  0  0  0  16.9996  0  0  33.5083  0  0  0  0  0  0  0  12.4934  0  0  0  0  0  0  0  
0  0  0  0  0  0  0  0  0  0  0  0  0  0  0  0  0  0  0  0  0  0  0  0  0  0  0  0  0  0  31.7909  36.2681  17.1774  0  0  20.55  0  0  0  0  0  0  0  0  0  0  0  0  0  0  0  0  0  0  1.0914  27.268  0  0  0  24.6062  0  0  19.6806  0  0  0  0  0  0  0  0  0  0  0  0  21.2181  0  0  0  30.3159  0  0  0  0  31.4461  0  31.8755  0  31.5444  0  0  0  0  0  0  0  0  0  24.7166  0  0  0  0  0  0  0  0  0  0  0  0  29.7437  0  0  0  0  0  0  0  0  
0  0  0  0  0  0  0  0  0  0  0  0  0  0  0  0  0  0  0  0  0  0  0  0  0  0  0  0  0  0  0  0  0  0  0  0  0  0  0  15.7294  0  0  0  9.22988  0  0  0  0  0  0  5.83297  0  0  0  0  0  0  0  0  0  9.52452  0  0  4.43807  0  0  0  0  0  0  0  5.61227  26.0965  0  0  0  0  23.932  1.79695  0  0  0  3.94667  0  0  36.6962  0  0  0  0  0  0  0  35.9395  0  0  0  0  0  0  0  0  0  0  0  0  0  0  0  0  0  0  0  0  0  38.9496  0  0  0  0  
0  0  0  0  0  0  0  0  0  0  0  0  0  0  0  0  0  0  0  0  0  0  0  0  0  0  0  0  0  0  0  0  0  0  0  0  0  32.1814  0  0  0  10.0548  35.5827  0  0  0  0  31.3852  17.2512  6.86288  0  0  0  31.8032  0  0  22.9686  30.2045  16.0736  0  0  12.4376  0  0  10.0837  0  0  7.76768  0  6.15518  0  0  0  14.0279  14.1595  0  0  0  0  0  0  0  0  20.4741  0  0  0  29.3833  0  0  0  0  0  0  0  0  0  0  0  0  0  0  0  0  0  23.2846  0  0  24.4691  0  0  0  0  16.1555  0  0  34.8969  0  0  0  
0  0  0  0  0  0  0  0  0  0  0  0  0  0  0  0  0  0  0  0  0  0  0  0  0  0  0  0  0  32.4665  0  0  0  22.4365  20.6285  0  30.3352  0  0  0  24.4682  0  0  0  0  0  0  0  0  0  0  0  0  0  0  0  0  0  0  0  0  0  0  0  0  35.7495  17.2342  0  20.5014  0  0  0  0  0  0  0  21.2281  0  0  0  29.2987  0  0  0  0  0  0  0  0  0  0  0  24.4683  0  0  40.9872  0  0  0  0  0  19.7381  0  0  0  0  0  0  0  37.9115  0  0  28.1599  0  0  0  0  0  0  0  
0  0  0  0  0  0  0  0  0  0  0  0  0  0  0  0  0  0  0  0  0  0  0  0  0  0  0  0  0  0  0  0  0  5.32539  22.1696  0  26.8342  0  0  0  7.95475  0  0  0  0  0  0  0  0  0  0  0  0  0  0  0  0  0  0  0  0  0  0  0  0  35.6494  15.3916  0  12.8576  0  0  0  0  0  0  0  16.5036  0  0  0  39.5834  0  0  0  0  0  0  0  0  0  0  0  30.4684  0  0  11.3963  0  0  0  0  0  14.5764  0  0  0  0  0  33.8774  0  0  0  0  0  0  0  0  0  0  0  0  
0  0  0  0  0  0  0  0  0  0  0  0  0  0  0  0  0  0  0  0  0  0  0  0  0  0  0  0  0  0  0  8.45681  21.4346  0  0  27.552  0  0  17.2504  0  0  0  0  0  0  16.8851  28.9943  0  0  0  0  0  22.8155  0  34.0783  27.9728  0  0  0  34.7762  0  0  31.9453  0  0  0  0  0  0  0  8.8176  0  0  0  0  13.4111  0  0  0  25.9601  0  0  0  0  36.727  0  12.3877  0  0  0  0  0  0  0  0  0  0  32.9925  11.8854  0  0  0  0  0  0  0  0  0  0  0  0  11.024  0  0  0  0  0  0  0  0  
0  0  0  0  0  0  0  0  0  0  0  0  0  0  0  0  0  0  0  0  0  0  0  0  0  0  0  0  0  0  0  0  20.9011  0  0  34.6838  0  0  23.3684  0  0  0  0  0  0  9.80866  18.1749  0  0  0  0  0  19.9874  0  38.5187  22.4777  0  0  0  29.3996  0  0  26.6503  0  0  0  0  0  0  0  16.2783  0  0  0  0  19.5563  0  0  0  17.7713  0  0  0  0  29.5398  0  22.9586  0  0  0  0  0  0  0  0  0  0  0  14.4208  0  0  0  0  0  0  0  0  0  0  0  0  18.1391  42.5916  0  0  0  0  0  0  0  
0  0  0  0  0  0  0  0  0  0  0  0  0  0  0  0  0  0  0  0  0  0  0  0  0  0  0  0  0  0  0  0  0  0  0  22.6844  0  0  40.311  0  0  0  0  0  0  31.1685  24.3759  0  0  0  0  0  25.0793  0  19.782  14.6952  0  0  0  8.95677  0  0  7.15213  0  0  0  0  0  0  0  34.8729  0  0  0  0  19.1451  0  0  0  19.1621  0  0  0  0  16.4026  0  22.9919  0  0  0  0  0  0  0  0  0  0  0  12.3611  0  0  0  0  0  0  0  0  0  0  0  0  18.4166  0  0  0  0  0  0  0  0  
0  0  0  0  0  0  0  0  0  0  0  0  0  0  0  0  0  0  0  0  0  0  0  0  0  0  0  0  0  0  0  0  0  0  18.9422  0  29.6551  0  0  0  6.59278  0  0  0  0  0  0  0  0  0  0  0  0  0  0  0  0  0  0  0  0  0  0  0  0  28.048  7.75457  0  5.84706  0  0  0  0  0  0  0  11.2739  0  0  0  30.1514  0  0  0  0  0  0  0  0  0  0  0  31.6173  0  0  16.3227  0  0  0  0  0  9.3017  0  0  0  0  0  35.2327  0  0  0  0  35.9703  0  0  0  0  0  0  0  
0  0  0  0  0  0  0  0  0  0  0  0  0  0  0  0  0  0  0  0  0  0  0  0  0  0  0  0  0  0  0  0  0  0  0  0  13.0064  0  0  0  16.0256  0  0  0  0  0  0  0  0  0  0  0  0  0  0  0  0  0  0  0  0  0  0  0  0  13.9381  13.1395  0  13.1272  0  0  0  0  0  0  0  10.6999  0  0  0  13.2517  0  0  0  0  0  0  0  0  0  0  0  35.9663  0  0  39.5618  0  0  0  0  0  10.8059  0  0  27.593  0  0  0  0  0  0  0  19.0748  0  48.2192  0  0  0  0  0  
0  0  0  0  0  0  0  0  0  0  0  0  0  0  0  0  0  0  0  0  0  0  0  0  0  0  0  0  0  0  0  0  0  0  0  0  0  0  34.6595  0  0  0  0  0  0  0  0  0  0  0  0  0  0  0  14.7747  40.4191  0  0  0  34.6377  0  0  28.6972  0  0  0  0  0  0  0  37.7064  0  0  0  0  15.6733  0  0  0  0  0  0  0  0  0  0  15.6962  0  28.5322  0  0  0  0  0  0  0  0  0  17.5664  0  0  0  0  0  0  0  0  0  0  0  0  19.1448  0  0  0  0  0  0  0  0  
0  0  0  0  0  0  0  0  0  0  0  0  0  0  0  0  0  0  0  0  0  0  0  0  0  0  0  0  0  0  0  0  0  0  0  0  0  0  0  0  22.8206  0  0  0  0  0  0  0  0  0  0  0  0  0  0  0  0  0  0  0  0  0  0  0  0  2.54663  21.7833  0  15.2671  0  0  0  0  0  0  0  13.5164  0  0  0  11.1304  0  0  0  0  0  0  0  0  0  0  0  0  0  0  46.6733  0  0  0  0  0  16.8165  0  0  12.5512  0  0  0  0  0  0  0  20.6481  0  25.485  0  0  0  0  0  
0  0  0  0  0  0  0  0  0  0  0  0  0  0  0  0  0  0  0  0  0  0  0  0  0  0  0  0  0  0  0  0  0  0  0  0  0  0  0  0  0  0  7.39013  0  11.9204  0  0  13.4597  24.627  35.7105  0  26.4006  0  27.739  0  0  0  6.57006  0  0  0  25.2836  0  0  45.2299  0  0  21.0547  0  32.3246  0  0  0  23.1841  13.8217  0  0  0  0  0  0  0  0  34.1959  0  0  0  23.423  0  34.0997  0  0  0  0  0  0  0  0  0  0  0  0  0  0  0  0  0  26.1355  30.3488  0  0  0  0  18.6763  0  0  0  0  0  0  
0  0  0  0  0  0  0  0  0  0  0  0  0  0  0  0  0  0  0  0  0  0  0  0  0  0  0  0  0  0  0  0  0  0  0  0  0  0  0  0  0  0  0  0  0  24.8461  0  0  0  0  0  0  0  0  0  0  0  0  0  0  0  0  0  0  0  0  0  0  0  0  8.68528  0  0  0  0  25.6017  0  0  0  0  0  0  0  0  0  0  20.1515  0  0  0  0  0  0  0  0  0  0  17.9068  27.2164  0  0  0  0  0  0  0  0  0  0  0  36.3693  21.1016  0  0  0  0  0  0  0  0  
0  0  0  0  0  0  0  0  0  0  0  0  0  0  0  0  0  0  0  0  0  0  0  0  0  0  0  0  0  0  0  0  0  0  0  0  0  0  0  0  0  0  0  5.29699  0  0  0  0  0  0  16.9723  0  0  0  0  0  0  0  0  0  6.31708  0  0  17.1614  0  0  0  0  0  0  0  13.8453  24.8584  0  0  0  0  15.244  17.4033  0  0  0  16.7077  0  0  0  0  0  0  0  0  36.6571  0  16.0511  0  0  0  0  0  0  0  0  0  0  0  0  0  0  0  0  0  0  0  0  0  26.1589  0  0  0  0  
0  0  0  0  0  0  0  0  0  0  0  0  0  0  0  0  0  0  0  0  0  0  0  0  0  0  0  0  0  0  0  0  0  0  0  0  0  0  0  0  0  0  0  0  0  0  0  0  0  0  0  0  0  0  0  0  0  0  0  0  0  0  0  0  0  23.8812  9.23781  0  6.55773  0  0  0  0  0  0  0  9.31993  0  0  0  31.4807  0  0  0  0  0  0  0  0  0  0  0  34.5589  0  0  18.4754  0  0  0  0  0  5.5789  0  0  39.3503  0  0  0  0  0  0  0  33.3132  0  33.0051  0  0  0  0  0  
0  0  0  0  0  0  0  0  0  0  0  0  0  0  0  0  0  0  0  0  0  0  0  0  0  0  0  0  0  0  0  0  0  0  0  0  0  0  0  0  0  0  0  0  0  0  0  0  22.0797  9.4259  0  0  0  0  0  0  19.9215  0  12.4311  0  0  16.276  0  0  2.43768  0  0  16.9798  0  8.65908  0  0  0  18.9207  23.6528  0  0  0  0  0  0  0  0  24.3057  0  0  0  42.0232  0  0  0  0  0  0  0  0  0  0  0  0  0  0  0  0  0  13.4085  35.3592  0  31.1614  0  0  0  0  25.1175  0  0  23.511  0  0  0  
0  0  0  0  0  0  0  0  0  0  0  0  0  0  0  0  0  0  0  0  0  0  0  0  0  0  0  0  0  0  0  0  0  0  0  0  0  0  0  0  0  0  0  0  6.43898  0  0  10.9713  29.1206  0  0  24.6225  0  35.8589  0  0  0  10.3967  0  0  0  34.9345  0  0  0  0  0  28.9146  0  31.7282  0  0  0  31.3458  23.138  0  0  0  0  0  0  0  0  0  0  0  0  24.6639  0  0  0  0  0  0  0  0  0  0  0  0  0  0  0  0  0  0  0  23.7813  36.4613  0  0  0  0  27.3282  0  0  0  0  0  0  
0  0  0  0  0  0  0  0  0  0  0  0  0  0  0  0  0  0  0  0  0  0  0  0  0  0  0  0  0  0  0  0  0  0  0  0  0  0  0  0  0  0  0  0  0  0  0  0  0  0  14.2523  0  0  0  0  0  0  0  0  0  1.09435  0  0  14.8439  0  0  0  0  0  0  0  7.40026  23.2029  0  0  0  0  21.5031  11.6727  0  0  0  15.7192  0  0  0  0  0  0  0  36.906  40.5938  0  24.7696  0  0  0  0  0  0  0  0  0  0  0  0  0  0  0  0  0  0  0  0  0  35.5398  0  0  0  0  
0  0  0  0  0  0  0  0  0  0  0  0  0  0  0  0  0  0  0  0  0  0  0  0  0  0  0  0  0  0  0  0  0  0  0  0  0  0  0  0  0  0  0  0  0  0  0  12.7824  33.1444  0  0  20.5009  0  38.893  0  0  0  14.4554  0  0  0  0  0  0  0  0  0  40.8046  0  0  0  0  0  35.6712  29.8741  0  0  0  0  0  0  0  0  0  0  0  0  28.1989  0  0  0  0  0  0  0  0  0  0  0  0  0  0  0  0  0  0  0  20.333  41.7912  0  0  0  0  29.5991  0  0  0  0  0  0  
0  0  0  0  0  0  0  0  0  0  0  0  0  0  0  0  0  0  0  0  0  0  0  0  0  0  0  0  0  0  0  0  0  0  0  0  0  0  0  0  0  0  0  0  0  0  22.4188  0  0  0  0  0  23.6728  0  0  20.9856  0  0  0  34.1391  0  0  34.7982  0  0  38.4249  0  0  0  0  16.916  0  0  0  0  25.533  0  0  0  19.614  34.4132  0  0  0  33.8381  0  35.9524  0  0  0  0  0  0  0  0  0  0  0  23.9856  0  0  0  0  0  34.3649  0  0  0  0  0  0  25.9172  30.1749  0  0  0  0  0  0  0  
0  0  0  0  0  0  0  0  0  0  0  0  0  0  0  0  0  0  0  0  0  0  0  0  0  0  0  0  0  0  0  0  0  0  0  0  0  0  0  0  0  0  0  0  0  0  0  0  0  0  0  0  4.29638  0  0  13.3477  0  0  0  24.8075  0  0  23.9573  0  0  0  0  0  0  0  35.1152  0  0  0  0  35.9012  0  0  0  9.12404  0  0  0  0  19.5632  0  0  0  0  0  36.1883  0  0  0  0  0  0  0  25.6473  0  0  0  0  0  35.8051  0  0  0  0  0  0  35.499  0  0  0  0  0  0  0  0  
0  0  0  0  0  0  0  0  0  0  0  0  0  0  0  0  0  0  0  0  0  0  0  0  0  0  0  0  0  0  0  0  0  0  0  0  0  0  0  0  0  0  0  0  0  0  0  0  24.9857  0  0  10.644  0  20.736  0  0  0  20.6832  0  0  0  0  0  0  0  0  0  30.7004  0  0  0  0  0  24.5544  25.0189  0  0  0  0  0  0  0  0  0  0  0  0  34.5535  0  27.6372  0  0  0  0  0  0  0  0  0  0  0  0  0  0  0  0  0  30.6037  29.4213  0  0  0  0  32.6472  0  0  0  0  0  0  
0  0  0  0  0  0  0  0  0  0  0  0  0  0  0  0  0  0  0  0  0  0  0  0  0  0  0  0  0  0  0  0  0  0  0  0  0  0  0  0  0  0  0  0  0  0  0  0  0  18.6652  0  21.2087  0  15.5956  0  0  19.5603  29.2013  22.6126  0  0  23.707  0  0  31.0918  0  0  22.2001  0  24.1192  0  0  0  8.47265  19.3428  0  0  0  0  0  0  0  0  0  0  0  0  42.2588  0  25.3876  0  0  0  0  0  0  0  0  0  0  0  0  0  0  0  0  0  0  11.4799  0  0  0  0  29.1598  0  0  0  0  0  0  
0  0  0  0  0  0  0  0  0  0  0  0  0  0  0  0  0  0  0  0  0  0  0  0  0  0  0  0  0  0  0  0  0  0  0  0  0  0  0  0  0  0  0  0  0  0  0  0  0  0  0  0  0  35.5278  0  0  17.0261  37.8376  9.3605  0  0  16.8741  0  0  9.54091  0  0  15.1073  0  13.715  0  0  0  10.6722  19.6007  0  0  0  0  0  0  0  0  25.7746  0  0  0  38.4326  0  0  0  0  0  0  0  0  0  0  0  0  0  0  0  0  0  20.704  0  0  24.069  0  0  0  0  24.5971  0  0  28.9843  0  0  0  
0  0  0  0  0  0  0  0  0  0  0  0  0  0  0  0  0  0  0  0  0  0  0  0  0  0  0  0  0  0  0  0  0  0  0  0  0  0  0  0  0  0  0  0  0  0  0  0  0  0  0  0  0  0  0  0  0  0  0  0  12.7272  0  0  1.1692  0  0  0  0  0  0  0  4.01583  29.7685  0  0  0  0  26.4631  3.87342  0  0  0  2.09078  0  0  33.5632  0  0  0  0  0  39.1766  0  33.7965  0  0  0  0  0  0  0  0  0  0  0  0  0  0  0  0  0  0  0  0  0  39.6246  0  42.9052  0  0  
0  0  0  0  0  0  0  0  0  0  0  0  0  0  0  0  0  0  0  0  0  0  0  0  0  0  0  0  0  0  0  0  0  0  0  0  0  0  0  0  0  0  0  0  0  0  0  0  0  0  0  0  0  13.5125  0  0  0  35.9155  0  0  0  0  0  0  0  0  0  42.6473  0  0  0  0  0  30.723  29.4546  0  0  0  0  0  0  0  0  0  0  0  0  0  0  20.7003  0  0  0  0  0  0  0  0  0  0  0  0  0  0  0  0  0  0  25.794  0  0  0  0  0  0  0  0  0  0  0  
0  0  0  0  0  0  0  0  0  0  0  0  0  0  0  0  0  0  0  0  0  0  0  0  0  0  0  0  0  0  0  0  0  0  0  0  0  0  0  0  0  0  0  0  0  0  0  0  0  0  0  0  0  0  0  10.9779  0  0  0  18.7859  0  0  19.7913  0  0  0  0  0  0  0  42.4759  0  0  0  0  41.3336  0  0  0  6.56806  0  0  0  0  19.2679  0  0  0  0  0  40.4316  0  0  0  0  0  0  0  27.2362  0  0  0  32.8425  0  45.8977  0  0  0  0  0  0  40.0388  0  0  0  0  0  0  0  0  
0  0  0  0  0  0  0  0  0  0  0  0  0  0  0  0  0  0  0  0  0  0  0  0  0  0  0  0  0  0  0  0  0  0  0  0  0  0  0  0  0  0  0  0  0  0  0  0  0  0  0  0  0  0  0  0  38.2481  34.2934  43.1343  0  0  0  0  0  0  0  0  36.6727  0  0  0  0  0  21.8668  31.4648  0  0  0  0  0  0  0  0  0  0  0  0  0  0  8.39737  0  0  0  0  0  0  0  0  0  0  0  0  0  0  0  0  0  0  12.973  0  0  0  0  0  0  0  0  0  0  0  
0  0  0  0  0  0  0  0  0  0  0  0  0  0  0  0  0  0  0  0  0  0  0  0  0  0  0  0  0  0  0  0  0  0  0  0  0  0  0  0  0  0  0  0  0  0  0  0  0  0  0  0  0  0  0  33.2896  0  0  0  17.4543  0  0  19.7877  0  0  0  0  0  0  0  0  0  0  0  0  21.4703  0  0  0  34.3386  0  0  0  0  27.3444  0  32.9258  0  30.7298  0  0  0  0  0  0  0  0  0  25.731  0  0  0  0  0  0  0  0  0  0  0  0  25.3835  0  0  0  0  0  0  0  0  
0  0  0  0  0  0  0  0  0  0  0  0  0  0  0  0  0  0  0  0  0  0  0  0  0  0  0  0  0  0  0  0  0  0  0  0  0  0  0  0  0  0  0  0  0  0  0  0  0  0  0  0  0  0  0  0  0  0  0  9.86572  0  0  12.2196  0  0  0  0  0  0  0  44.6087  0  0  0  0  28.0705  0  0  0  6.29606  0  0  0  0  7.392  0  36.2782  0  0  0  0  0  0  0  0  0  0  0  20.9041  0  0  0  34.6936  0  0  0  0  0  0  0  0  26.8686  0  0  0  0  0  0  0  0  
0  0  0  0  0  0  0  0  0  0  0  0  0  0  0  0  0  0  0  0  0  0  0  0  0  0  0  0  0  0  0  0  0  0  0  0  0  0  0  0  0  0  0  0  0  0  0  0  0  0  0  0  0  0  0  0  0  0  7.57612  0  0  28.9636  0  0  20.6573  0  0  26.4881  0  26.9205  0  0  0  17.9645  32.7259  0  0  0  0  0  0  0  0  0  0  0  0  0  0  35.0414  0  0  0  0  0  0  0  0  0  0  0  0  0  0  0  27.7733  0  0  20.8626  0  0  0  0  39.0998  0  0  36.8063  0  0  0  
0  0  0  0  0  0  0  0  0  0  0  0  0  0  0  0  0  0  0  0  0  0  0  0  0  0  0  0  0  0  0  0  0  0  0  0  0  0  0  0  0  0  0  0  0  0  0  0  0  0  0  0  0  0  0  0  0  0  0  0  0  30.8336  0  0  31.9289  0  0  24.5543  0  31.7121  0  0  0  27.3089  17.5973  0  0  0  0  0  0  0  0  31.6114  0  0  0  19.1163  0  0  0  0  0  0  0  0  0  0  0  0  0  0  0  0  0  0  0  21.7201  35.7928  0  0  0  0  19.0293  0  0  0  0  0  0  
0  0  0  0  0  0  0  0  0  0  0  0  0  0  0  0  0  0  0  0  0  0  0  0  0  0  0  0  0  0  0  0  0  0  0  0  0  0  0  0  0  0  0  0  0  0  0  0  0  0  0  0  0  0  0  0  0  0  0  0  0  30.1814  0  0  16.395  0  0  23.9404  0  20.2903  0  0  0  19.4407  29.8475  0  0  0  0  0  0  0  0  0  0  0  0  0  0  0  0  0  0  0  0  0  0  0  0  0  0  0  0  0  0  19.8207  0  0  27.9813  0  0  0  0  33.2822  0  0  30.371  0  0  0  
0  0  0  0  0  0  0  0  0  0  0  0  0  0  0  0  0  0  0  0  0  0  0  0  0  0  0  0  0  0  0  0  0  0  0  0  0  0  0  0  0  0  0  0  0  0  0  0  0  0  0  0  0  0  0  0  0  0  0  0  0  0  1.37558  0  0  0  0  0  0  0  46.0605  0  0  0  0  28.7238  0  0  0  16.2477  0  0  0  0  9.08026  0  34.6654  0  0  0  0  0  0  0  0  0  0  0  17.8232  0  0  0  42.1501  0  0  0  0  0  0  0  0  29.7812  0  0  0  0  0  0  0  0  
0  0  0  0  0  0  0  0  0  0  0  0  0  0  0  0  0  0  0  0  0  0  0  0  0  0  0  0  0  0  0  0  0  0  0  0  0  0  0  0  0  0  0  0  0  0  0  0  0  0  0  0  0  0  0  0  0  0  0  0  0  0  0  12.1386  0  0  0  0  0  0  0  7.84614  20.6224  0  0  0  0  19.7265  11.7707  0  0  0  11.1039  0  0  0  0  0  0  0  0  32.3996  0  20.6533  0  0  0  0  0  0  0  0  0  0  0  0  0  0  0  0  0  0  0  0  0  25.6416  0  0  0  0  
0  0  0  0  0  0  0  0  0  0  0  0  0  0  0  0  0  0  0  0  0  0  0  0  0  0  0  0  0  0  0  0  0  0  0  0  0  0  0  0  0  0  0  0  0  0  0  0  0  0  0  0  0  0  0  0  0  0  0  0  0  0  0  0  14.4546  0  0  7.2648  0  6.28642  0  0  0  26.6416  16.0789  0  0  0  0  0  0  0  0  15.4053  0  0  0  25.7122  0  0  0  0  0  0  0  0  0  0  0  0  0  0  0  0  0  31.6196  29.3014  0  40.0003  0  0  0  0  10.116  0  0  33.1629  0  0  37.6649  
0  0  0  0  0  0  0  0  0  0  0  0  0  0  0  0  0  0  0  0  0  0  0  0  0  0  0  0  0  0  0  0  0  0  0  0  0  0  0  0  0  0  0  0  0  0  0  0  0  0  0  0  0  0  0  0  0  0  0  0  0  0  0  0  0  0  0  0  0  0  38.6118  0  0  0  0  33.5865  0  0  0  15.543  0  0  0  0  11.0929  0  35.2614  0  0  0  0  0  0  0  0  0  0  0  25.3125  0  0  0  33.928  0  0  0  0  0  0  0  0  26.2692  0  0  0  0  0  0  0  0  
0  0  0  0  0  0  0  0  0  0  0  0  0  0  0  0  0  0  0  0  0  0  0  0  0  0  0  0  0  0  0  0  0  0  0  0  0  0  0  0  0  0  0  0  0  0  0  0  0  0  0  0  0  0  0  0  0  0  0  0  0  0  0  0  0  0  0  0  0  0  0  5.28907  25.9033  0  0  0  0  23.4935  2.29776  0  0  0  0.719645  0  0  33.8474  0  0  0  0  0  39.1996  0  26.7406  0  0  0  0  0  0  0  0  0  0  0  0  0  0  0  0  0  0  0  0  0  38.176  0  0  0  0  
0  0  0  0  0  0  0  0  0  0  0  0  0  0  0  0  0  0  0  0  0  0  0  0  0  0  0  0  0  0  0  0  0  0  0  0  0  0  0  0  0  0  0  0  0  0  0  0  0  0  0  0  0  0  0  0  0  0  0  0  0  0  0  0  0  0  0  14.4119  0  7.31149  0  0  0  22.444  21.0199  0  0  0  0  0  0  0  0  25.1079  0  0  0  31.0544  0  0  0  0  0  0  0  0  0  0  0  0  0  0  0  0  0  10.8921  39.5051  0  34.9102  0  0  0  0  20.9731  0  0  23.1029  0  0  0  
0  0  0  0  0  0  0  0  0  0  0  0  0  0  0  0  0  0  0  0  0  0  0  0  0  0  0  0  0  0  0  0  0  0  0  0  0  0  0  0  0  0  0  0  0  0  0  0  0  0  0  0  0  0  0  0  0  0  0  0  0  0  0  0  0  0  26.6168  0  25.1533  0  0  0  0  0  0  0  18.1134  0  0  0  8.23251  0  0  0  0  0  0  0  0  0  0  0  0  0  0  0  0  0  0  0  0  21.0682  0  0  12.5758  0  0  0  0  0  0  0  18.4451  0  29.0449  0  0  0  0  0  
0  0  0  0  0  0  0  0  0  0  0  0  0  0  0  0  0  0  0  0  0  0  0  0  0  0  0  0  0  0  0  0  0  0  0  0  0  0  0  0  0  0  0  0  0  0  0  0  0  0  0  0  0  0  0  0  0  0  0  0  0  0  0  0  0  0  0  0  4.21788  0  0  0  0  0  0  0  10.5287  0  0  0  31.8455  0  0  0  0  0  0  0  0  0  0  0  23.5614  0  0  26.8479  0  0  0  0  0  6.90124  0  0  40.0933  0  0  0  0  0  0  0  30.0315  0  0  0  0  0  0  0  
0  0  0  0  0  0  0  0  0  0  0  0  0  0  0  0  0  0  0  0  0  0  0  0  0  0  0  0  0  0  0  0  0  0  0  0  0  0  0  0  0  0  0  0  0  0  0  0  0  0  0  0  0  0  0  0  0  0  0  0  0  0  0  0  0  0  0  0  0  8.65493  0  0  0  15.994  8.18864  0  0  0  0  0  0  0  0  23.1925  0  0  0  19.7028  0  0  0  0  0  0  0  0  0  0  0  0  0  0  0  0  0  30.5541  41.1697  0  32.632  0  0  0  0  10.4488  0  0  36.5862  0  0  0  
0  0  0  0  0  0  0  0  0  0  0  0  0  0  0  0  0  0  0  0  0  0  0  0  0  0  0  0  0  0  0  0  0  0  0  0  0  0  0  0  0  0  0  0  0  0  0  0  0  0  0  0  0  0  0  0  0  0  0  0  0  0  0  0  0  0  0  0  0  0  0  0  0  0  0  0  8.61692  0  0  0  27.7564  0  0  0  0  0  0  0  0  0  0  0  34.6545  0  0  26.538  0  0  0  0  0  3.66337  0  0  39.7916  0  0  0  0  0  0  0  32.741  0  41.2123  0  0  0  0  0  
0  0  0  0  0  0  0  0  0  0  0  0  0  0  0  0  0  0  0  0  0  0  0  0  0  0  0  0  0  0  0  0  0  0  0  0  0  0  0  0  0  0  0  0  0  0  0  0  0  0  0  0  0  0  0  0  0  0  0  0  0  0  0  0  0  0  0  0  0  0  0  0  0  16.7801  19.6465  0  0  0  0  0  0  0  0  23.6266  0  0  0  30.7746  0  0  0  0  0  0  0  0  0  0  0  0  0  0  0  0  0  22.0586  36.8256  0  38.3138  0  0  0  0  15.3445  0  0  27.3808  0  0  0  
0  0  0  0  0  0  0  0  0  0  0  0  0  0  0  0  0  0  0  0  0  0  0  0  0  0  0  0  0  0  0  0  0  0  0  0  0  0  0  0  0  0  0  0  0  0  0  0  0  0  0  0  0  0  0  0  0  0  0  0  0  0  0  0  0  0  0  0  0  0  0  0  0  0  0  22.9056  0  0  0  34.0405  0  0  0  0  0  0  16.7361  0  0  0  0  0  0  0  0  0  0  30.349  19.8546  0  0  0  0  0  0  0  0  0  0  0  45.995  20.0007  26.9825  0  0  0  0  0  0  0  
0  0  0  0  0  0  0  0  0  0  0  0  0  0  0  0  0  0  0  0  0  0  0  0  0  0  0  0  0  0  0  0  0  0  0  0  0  0  0  0  0  0  0  0  0  0  0  0  0  0  0  0  0  0  0  0  0  0  0  0  0  0  0  0  0  0  0  0  0  0  0  0  28.8048  0  0  0  0  22.6563  6.3574  0  0  0  5.38633  0  0  34.4988  0  0  0  0  0  38.274  0  26.2048  0  0  0  0  0  0  0  0  0  0  0  0  0  0  0  0  0  0  0  0  0  29.9179  0  0  0  0  
0  0  0  0  0  0  0  0  0  0  0  0  0  0  0  0  0  0  0  0  0  0  0  0  0  0  0  0  0  0  0  0  0  0  0  0  0  0  0  0  0  0  0  0  0  0  0  0  0  0  0  0  0  0  0  0  0  0  0  0  0  0  0  0  0  0  0  0  0  0  0  0  0  0  0  0  0  10.9036  24.5223  0  0  0  24.567  0  0  33.9481  0  0  0  0  0  15.6635  0  24.9786  0  0  0  0  0  0  35.8501  0  0  0  0  0  0  0  0  0  0  0  0  0  0  16.7815  0  31.2781  0  0  
0  0  0  0  0  0  0  0  0  0  0  0  0  0  0  0  0  0  0  0  0  0  0  0  0  0  0  0  0  0  0  0  0  0  0  0  0  0  0  0  0  0  0  0  0  0  0  0  0  0  0  0  0  0  0  0  0  0  0  0  0  0  0  0  0  0  0  0  0  0  0  0  0  0  14.0635  0  0  0  0  0  0  0  0  34.8826  0  0  0  38.0318  0  26.4314  0  0  0  0  0  0  0  0  0  0  0  0  0  0  0  29.6622  0  0  14.7356  0  0  0  0  25.0722  0  0  0  0  0  0  
0  0  0  0  0  0  0  0  0  0  0  0  0  0  0  0  0  0  0  0  0  0  0  0  0  0  0  0  0  0  0  0  0  0  0  0  0  0  0  0  0  0  0  0  0  0  0  0  0  0  0  0  0  0  0  0  0  0  0  0  0  0  0  0  0  0  0  0  0  0  0  0  0  0  0  0  0  0  0  0  0  0  0  31.6294  0  0  0  22.5603  0  36.1457  0  0  0  0  0  0  0  0  0  0  0  0  0  0  0  37.6989  0  38.8157  28.907  0  0  0  0  11.6794  0  0  0  0  0  0  
0  0  0  0  0  0  0  0  0  0  0  0  0  0  0  0  0  0  0  0  0  0  0  0  0  0  0  0  0  0  0  0  0  0  0  0  0  0  0  0  0  0  0  0  0  0  0  0  0  0  0  0  0  0  0  0  0  0  0  0  0  0  0  0  0  0  0  0  0  0  0  0  0  0  0  0  0  0  0  31.4209  0  0  0  0  29.2844  0  6.0782  0  0  0  0  0  0  0  0  0  0  35.0732  9.08519  0  0  0  0  0  0  0  0  0  0  0  0  3.29409  0  0  0  0  0  0  0  0  
0  0  0  0  0  0  0  0  0  0  0  0  0  0  0  0  0  0  0  0  0  0  0  0  0  0  0  0  0  0  0  0  0  0  0  0  0  0  0  0  0  0  0  0  0  0  0  0  0  0  0  0  0  0  0  0  0  0  0  0  0  0  0  0  0  0  0  0  0  0  0  0  0  0  0  0  0  0  0  0  16.8905  0  0  0  0  0  0  0  0  0  0  0  36.9428  0  0  24.3652  0  0  0  0  0  5.64791  0  0  26.0933  0  0  0  0  0  0  0  21.3081  0  30.2815  0  0  0  0  0  
0  0  0  0  0  0  0  0  0  0  0  0  0  0  0  0  0  0  0  0  0  0  0  0  0  0  0  0  0  0  0  0  0  0  0  0  0  0  0  0  0  0  0  0  0  0  0  0  0  0  0  0  0  0  0  0  0  0  0  0  0  0  0  0  0  0  0  0  0  0  0  0  0  0  0  0  0  0  29.7828  0  0  0  24.4206  0  0  38.0592  0  0  0  0  0  16.6938  0  16.0092  0  0  0  0  0  0  30.4333  0  0  0  0  0  0  0  0  0  0  0  0  0  0  14.8825  0  0  0  0  
0  0  0  0  0  0  0  0  0  0  0  0  0  0  0  0  0  0  0  0  0  0  0  0  0  0  0  0  0  0  0  0  0  0  0  0  0  0  0  0  0  0  0  0  0  0  0  0  0  0  0  0  0  0  0  0  0  0  0  0  0  0  0  0  0  0  0  0  0  0  0  0  0  0  0  0  0  0  0  0  0  0  2.03626  0  0  34.4317  0  0  0  0  0  0  0  31.9392  0  0  0  0  0  0  0  0  0  0  0  0  0  0  0  0  0  0  0  0  0  33.4047  0  0  0  0  
0  0  0  0  0  0  0  0  0  0  0  0  0  0  0  0  0  0  0  0  0  0  0  0  0  0  0  0  0  0  0  0  0  0  0  0  0  0  0  0  0  0  0  0  0  0  0  0  0  0  0  0  0  0  0  0  0  0  0  0  0  0  0  0  0  0  0  0  0  0  0  0  0  0  0  0  0  0  0  0  0  0  0  0  13.0823  0  41.3611  0  0  0  0  0  0  0  0  0  0  0  21.4547  0  0  0  0  0  0  0  0  0  0  0  0  27.5047  0  0  0  0  0  0  0  0  
0  0  0  0  0  0  0  0  0  0  0  0  0  0  0  0  0  0  0  0  0  0  0  0  0  0  0  0  0  0  0  0  0  0  0  0  0  0  0  0  0  0  0  0  0  0  0  0  0  0  0  0  0  0  0  0  0  0  0  0  0  0  0  0  0  0  0  0  0  0  0  0  0  0  0  0  0  0  0  0  0  0  0  0  0  0  0  0  0  0  0  0  0  0  0  0  0  0  0  0  0  24.6332  0  0  15.5677  0  0  0  0  0  0  0  9.21478  0  28.7022  0  0  0  0  0  
0  0  0  0  0  0  0  0  0  0  0  0  0  0  0  0  0  0  0  0  0  0  0  0  0  0  0  0  0  0  0  0  0  0  0  0  0  0  0  0  0  0  0  0  0  0  0  0  0  0  0  0  0  0  0  0  0  0  0  0  0  0  0  0  0  0  0  0  0  0  0  0  0  0  0  0  0  0  0  0  0  0  0  0  0  0  0  0  0  0  0  0  0  0  0  0  0  0  0  30.487  0  0  0  0  0  0  0  0  0  30.0159  0  0  0  0  0  0  0  0  10.4019  0  
0  0  0  0  0  0  0  0  0  0  0  0  0  0  0  0  0  0  0  0  0  0  0  0  0  0  0  0  0  0  0  0  0  0  0  0  0  0  0  0  0  0  0  0  0  0  0  0  0  0  0  0  0  0  0  0  0  0  0  0  0  0  0  0  0  0  0  0  0  0  0  0  0  0  0  0  0  0  0  0  0  0  0  0  0  37.3384  0  0  0  0  0  44.3929  0  39.4273  0  0  0  0  0  0  0  0  0  0  0  0  0  0  0  0  0  0  0  0  0  39.2219  0  0  0  0  
0  0  0  0  0  0  0  0  0  0  0  0  0  0  0  0  0  0  0  0  0  0  0  0  0  0  0  0  0  0  0  0  0  0  0  0  0  0  0  0  0  0  0  0  0  0  0  0  0  0  0  0  0  0  0  0  0  0  0  0  0  0  0  0  0  0  0  0  0  0  0  0  0  0  0  0  0  0  0  0  0  0  0  0  0  0  0  20.4492  0  0  0  0  0  0  0  0  33.1466  0  0  0  0  0  0  0  0  31.9139  20.4522  0  0  0  0  0  0  18.6708  0  0  33.1615  0  0  22.9215  
0  0  0  0  0  0  0  0  0  0  0  0  0  0  0  0  0  0  0  0  0  0  0  0  0  0  0  0  0  0  0  0  0  0  0  0  0  0  0  0  0  0  0  0  0  0  0  0  0  0  0  0  0  0  0  0  0  0  0  0  0  0  0  0  0  0  0  0  0  0  0  0  0  0  0  0  0  0  0  0  0  0  0  0  0  0  0  0  0  0  0  0  0  0  38.177  0  0  0  29.4585  0  0  0  28.2918  0  0  0  0  0  0  0  0  35.9419  0  0  0  0  0  0  0  0  
0  0  0  0  0  0  0  0  0  0  0  0  0  0  0  0  0  0  0  0  0  0  0  0  0  0  0  0  0  0  0  0  0  0  0  0  0  0  0  0  0  0  0  0  0  0  0  0  0  0  0  0  0  0  0  0  0  0  0  0  0  0  0  0  0  0  0  0  0  0  0  0  0  0  0  0  0  0  0  0  0  0  0  0  0  0  0  0  0  0  0  0  0  0  0  0  34.134  0  0  0  0  0  0  25.1337  0  0  0  0  0  0  0  0  0  0  0  0  0  6.87872  0  0  
0  0  0  0  0  0  0  0  0  0  0  0  0  0  0  0  0  0  0  0  0  0  0  0  0  0  0  0  0  0  0  0  0  0  0  0  0  0  0  0  0  0  0  0  0  0  0  0  0  0  0  0  0  0  0  0  0  0  0  0  0  0  0  0  0  0  0  0  0  0  0  0  0  0  0  0  0  0  0  0  0  0  0  0  0  0  0  0  0  0  0  0  0  0  0  0  0  30.6609  13.5613  0  0  0  0  0  0  0  0  0  0  0  0  5.71898  0  0  0  0  0  0  0  0  
0  0  0  0  0  0  0  0  0  0  0  0  0  0  0  0  0  0  0  0  0  0  0  0  0  0  0  0  0  0  0  0  0  0  0  0  0  0  0  0  0  0  0  0  0  0  0  0  0  0  0  0  0  0  0  0  0  0  0  0  0  0  0  0  0  0  0  0  0  0  0  0  0  0  0  0  0  0  0  0  0  0  0  0  0  0  0  0  0  0  0  0  0  0  0  33.5676  0  0  0  0  0  0  0  0  0  0  40.2515  24.4869  0  0  0  0  0  12.6138  0  0  0  0  0  37.413  
0  0  0  0  0  0  0  0  0  0  0  0  0  0  0  0  0  0  0  0  0  0  0  0  0  0  0  0  0  0  0  0  0  0  0  0  0  0  0  0  0  0  0  0  0  0  0  0  0  0  0  0  0  0  0  0  0  0  0  0  0  0  0  0  0  0  0  0  0  0  0  0  0  0  0  0  0  0  0  0  0  0  0  0  0  0  0  0  0  0  0  0  0  0  0  0  0  0  0  0  0  0  0  0  0  0  0  0  0  0  0  0  0  0  0  0  0  0  0  0  
0  0  0  0  0  0  0  0  0  0  0  0  0  0  0  0  0  0  0  0  0  0  0  0  0  0  0  0  0  0  0  0  0  0  0  0  0  0  0  0  0  0  0  0  0  0  0  0  0  0  0  0  0  0  0  0  0  0  0  0  0  0  0  0  0  0  0  0  0  0  0  0  0  0  0  0  0  0  0  0  0  0  0  0  0  0  0  0  0  0  0  0  0  0  0  0  0  0  0  0  0  0  0  0  0  0  0  0  12.684  0  0  0  0  0  0  0  0  0  0  0  
0  0  0  0  0  0  0  0  0  0  0  0  0  0  0  0  0  0  0  0  0  0  0  0  0  0  0  0  0  0  0  0  0  0  0  0  0  0  0  0  0  0  0  0  0  0  0  0  0  0  0  0  0  0  0  0  0  0  0  0  0  0  0  0  0  0  0  0  0  0  0  0  0  0  0  0  0  0  0  0  0  0  0  0  0  0  0  0  0  0  0  0  0  0  37.6653  0  0  0  0  0  0  0  0  0  34.4756  0  0  0  0  0  0  0  0  0  36.9872  0  0  0  0  0  
0  0  0  0  0  0  0  0  0  0  0  0  0  0  0  0  0  0  0  0  0  0  0  0  0  0  0  0  0  0  0  0  0  0  0  0  0  0  0  0  0  0  0  0  0  0  0  0  0  0  0  0  0  0  0  0  0  0  0  0  0  0  0  0  0  0  0  0  0  0  0  0  0  0  0  0  0  0  0  0  0  0  0  0  0  0  0  0  0  0  0  0  0  29.6495  0  0  0  0  0  0  14.2906  0  0  0  0  0  0  0  0  0  0  0  0  0  0  11.0292  0  0  0  0  
0  0  0  0  0  0  0  0  0  0  0  0  0  0  0  0  0  0  0  0  0  0  0  0  0  0  0  0  0  0  0  0  0  0  0  0  0  0  0  0  0  0  0  0  0  0  0  0  0  0  0  0  0  0  0  0  0  0  0  0  0  0  0  0  0  0  0  0  0  0  0  0  0  0  0  0  0  0  0  0  0  0  0  0  0  0  0  0  0  0  0  0  0  0  0  0  0  0  0  0  0  30.1555  0  0  0  0  0  0  0  17.5585  0  0  0  0  0  0  0  0  0  0  
0  0  0  0  0  0  0  0  0  0  0  0  0  0  0  0  0  0  0  0  0  0  0  0  0  0  0  0  0  0  0  0  0  0  0  0  0  0  0  0  0  0  0  0  0  0  0  0  0  0  0  0  0  0  0  0  0  0  0  0  0  0  0  0  0  0  0  0  0  0  0  0  0  0  0  0  0  0  0  0  0  0  0  0  0  0  0  0  0  0  0  0  0  0  0  0  0  0  0  0  30.4658  0  0  0  0  0  0  0  0  0  0  0  0  0  0  12.5059  0  0  0  0  
0  0  0  0  0  0  0  0  0  0  0  0  0  0  0  0  0  0  0  0  0  0  0  0  0  0  0  0  0  0  0  0  0  0  0  0  0  0  0  0  0  0  0  0  0  0  0  0  0  0  0  0  0  0  0  0  0  0  0  0  0  0  0  0  0  0  0  0  0  0  0  0  0  0  0  0  0  0  0  0  0  0  0  0  0  0  0  0  0  0  0  0  0  0  0  0  0  0  0  0  0  0  13.7288  0  0  0  0  0  0  0  0  0  0  0  0  0  0  0  0  0  
0  0  0  0  0  0  0  0  0  0  0  0  0  0  0  0  0  0  0  0  0  0  0  0  0  0  0  0  0  0  0  0  0  0  0  0  0  0  0  0  0  0  0  0  0  0  0  0  0  0  0  0  0  0  0  0  0  0  0  0  0  0  0  0  0  0  0  0  0  0  0  0  0  0  0  0  0  0  0  0  0  0  0  0  0  0  0  0  0  0  0  0  0  0  0  0  0  0  0  0  0  30.9458  0  0  0  0  0  20.3356  0  0  0  0  0  0  0  0  0  0  0  0  
0  0  0  0  0  0  0  0  0  0  0  0  0  0  0  0  0  0  0  0  0  0  0  0  0  0  0  0  0  0  0  0  0  0  0  0  0  0  0  0  0  0  0  0  0  0  0  0  0  0  0  0  0  0  0  0  0  0  0  0  0  0  0  0  0  0  0  0  0  0  0  0  0  0  0  0  0  0  0  0  0  0  0  0  0  0  0  0  0  0  0  0  0  0  0  0  0  0  0  0  0  0  0  35.3137  0  0  11.2209  0  0  0  0  0  0  0  0  0  0  41.3082  0  14.5652  
0  0  0  0  0  0  0  0  0  0  0  0  0  0  0  0  0  0  0  0  0  0  0  0  0  0  0  0  0  0  0  0  0  0  0  0  0  0  0  0  0  0  0  0  0  0  0  0  0  0  0  0  0  0  0  0  0  0  0  0  0  0  0  0  0  0  0  0  0  0  0  0  0  0  0  0  0  0  0  0  0  0  0  0  0  0  0  0  0  0  0  0  0  0  0  0  0  0  35.3302  0  0  0  0  0  0  0  0  0  0  0  25.2187  33.1608  0  0  0  0  0  0  0  0  
0  0  0  0  0  0  0  0  0  0  0  0  0  0  0  0  0  0  0  0  0  0  0  0  0  0  0  0  0  0  0  0  0  0  0  0  0  0  0  0  0  0  0  0  0  0  0  0  0  0  0  0  0  0  0  0  0  0  0  0  0  0  0  0  0  0  0  0  0  0  0  0  0  0  0  0  0  0  0  0  0  0  0  0  0  0  0  0  0  0  0  0  0  0  0  0  0  0  0  0  0  0  0  0  0  0  0  0  0  0  0  7.81401  0  0  0  0  0  0  0  0  
0  0  0  0  0  0  0  0  0  0  0  0  0  0  0  0  0  0  0  0  0  0  0  0  0  0  0  0  0  0  0  0  0  0  0  0  0  0  0  0  0  0  0  0  0  0  0  0  0  0  0  0  0  0  0  0  0  0  0  0  0  0  0  0  0  0  0  0  0  0  0  0  0  0  0  0  0  0  0  0  0  0  0  0  0  0  0  0  0  0  0  0  0  0  0  0  0  0  0  0  0  0  0  0  0  0  0  0  0  31.5219  0  0  0  0  0  0  0  0  36.9935  0  
0  0  0  0  0  0  0  0  0  0  0  0  0  0  0  0  0  0  0  0  0  0  0  0  0  0  0  0  0  0  0  0  0  0  0  0  0  0  0  0  0  0  0  0  0  0  0  0  0  0  0  0  0  0  0  0  0  0  0  0  0  0  0  0  0  0  0  0  0  0  0  0  0  0  0  0  0  0  0  0  0  0  0  0  0  0  0  0  0  0  0  0  0  0  0  0  0  0  0  0  0  0  0  0  0  0  0  0  0  0  0  0  0  0  0  22.6453  0  0  0  0  
0  0  0  0  0  0  0  0  0  0  0  0  0  0  0  0  0  0  0  0  0  0  0  0  0  0  0  0  0  0  0  0  0  0  0  0  0  0  0  0  0  0  0  0  0  0  0  0  0  0  0  0  0  0  0  0  0  0  0  0  0  0  0  0  0  0  0  0  0  0  0  0  0  0  0  0  0  0  0  0  0  0  0  0  0  0  0  0  0  0  0  0  0  0  0  0  0  0  0  0  0  0  0  0  30.8283  0  0  0  0  0  0  0  27.4199  0  32.8479  0  0  0  0  0  
0  0  0  0  0  0  0  0  0  0  0  0  0  0  0  0  0  0  0  0  0  0  0  0  0  0  0  0  0  0  0  0  0  0  0  0  0  0  0  0  0  0  0  0  0  0  0  0  0  0  0  0  0  0  0  0  0  0  0  0  0  0  0  0  0  0  0  0  0  0  0  0  0  0  0  0  0  0  0  0  0  0  0  0  0  0  0  0  0  0  0  0  0  0  0  0  0  0  0  0  0  0  0  0  0  0  0  0  0  0  0  0  0  0  0  0  0  0  0  0  
0  0  0  0  0  0  0  0  0  0  0  0  0  0  0  0  0  0  0  0  0  0  0  0  0  0  0  0  0  0  0  0  0  0  0  0  0  0  0  0  0  0  0  0  0  0  0  0  0  0  0  0  0  0  0  0  0  0  0  0  0  0  0  0  0  0  0  0  0  0  0  0  0  0  0  0  0  0  0  0  0  0  0  0  0  0  0  0  0  0  0  0  0  0  0  0  0  0  0  0  0  0  0  0  0  0  35.6847  0  0  0  0  0  0  0  0  0  0  21.9494  0  0  
0  0  0  0  0  0  0  0  0  0  0  0  0  0  0  0  0  0  0  0  0  0  0  0  0  0  0  0  0  0  0  0  0  0  0  0  0  0  0  0  0  0  0  0  0  0  0  0  0  0  0  0  0  0  0  0  0  0  0  0  0  0  0  0  0  0  0  0  0  0  0  0  0  0  0  0  0  0  0  0  0  0  0  0  0  0  0  0  0  0  0  0  0  0  0  0  0  0  0  0  0  0  0  0  0  0  0  0  0  0  0  0  21.0936  0  21.6613  0  0  0  0  0  
0  0  0  0  0  0  0  0  0  0  0  0  0  0  0  0  0  0  0  0  0  0  0  0  0  0  0  0  0  0  0  0  0  0  0  0  0  0  0  0  0  0  0  0  0  0  0  0  0  0  0  0  0  0  0  0  0  0  0  0  0  0  0  0  0  0  0  0  0  0  0  0  0  0  0  0  0  0  0  0  0  0  0  0  0  0  0  0  0  0  0  0  0  0  0  0  0  0  0  0  0  0  0  0  0  0  40.0905  0  0  0  0  0  0  37.7379  0  0  10.5149  0  0  0  
0  0  0  0  0  0  0  0  0  0  0  0  0  0  0  0  0  0  0  0  0  0  0  0  0  0  0  0  0  0  0  0  0  0  0  0  0  0  0  0  0  0  0  0  0  0  0  0  0  0  0  0  0  0  0  0  0  0  0  0  0  0  0  0  0  0  0  0  0  0  0  0  0  0  0  0  0  0  0  0  0  0  0  0  0  0  0  0  0  0  0  0  0  0  0  0  0  0  0  0  0  0  0  0  0  0  0  0  0  0  0  0  0  33.9343  0  0  31.1031  0  0  14.8367  
0  0  0  0  0  0  0  0  0  0  0  0  0  0  0  0  0  0  0  0  0  0  0  0  0  0  0  0  0  0  0  0  0  0  0  0  0  0  0  0  0  0  0  0  0  0  0  0  0  0  0  0  0  0  0  0  0  0  0  0  0  0  0  0  0  0  0  0  0  0  0  0  0  0  0  0  0  0  0  0  0  0  0  0  0  0  0  0  0  0  0  0  0  0  0  0  0  0  0  0  0  0  0  0  0  0  0  0  0  0  0  0  0  31.4849  0  0  0  0  0  0  
0  0  0  0  0  0  0  0  0  0  0  0  0  0  0  0  0  0  0  0  0  0  0  0  0  0  0  0  0  0  0  0  0  0  0  0  0  0  0  0  0  0  0  0  0  0  0  0  0  0  0  0  0  0  0  0  0  0  0  0  0  0  0  0  0  0  0  0  0  0  0  0  0  0  0  0  0  0  0  0  0  0  0  0  0  0  0  0  0  0  0  0  0  0  0  0  0  0  0  0  0  0  0  0  0  0  0  0  0  0  0  0  0  34.0505  0  0  0  0  0  0  
0  0  0  0  0  0  0  0  0  0  0  0  0  0  0  0  0  0  0  0  0  0  0  0  0  0  0  0  0  0  0  0  0  0  0  0  0  0  0  0  0  0  0  0  0  0  0  0  0  0  0  0  0  0  0  0  0  0  0  0  0  0  0  0  0  0  0  0  0  0  0  0  0  0  0  0  0  0  0  0  0  0  0  0  0  0  0  0  0  0  0  0  0  0  0  0  0  0  0  0  0  0  0  0  0  0  0  0  0  0  0  0  0  0  0  0  0  0  33.6605  0  
0  0  0  0  0  0  0  0  0  0  0  0  0  0  0  0  0  0  0  0  0  0  0  0  0  0  0  0  0  0  0  0  0  0  0  0  0  0  0  0  0  0  0  0  0  0  0  0  0  0  0  0  0  0  0  0  0  0  0  0  0  0  0  0  0  0  0  0  0  0  0  0  0  0  0  0  0  0  0  0  0  0  0  0  0  0  0  0  0  0  0  0  0  0  0  0  0  0  0  0  0  0  0  0  0  0  0  0  0  0  0  0  0  0  0  0  0  0  0  0  
0  0  0  0  0  0  0  0  0  0  0  0  0  0  0  0  0  0  0  0  0  0  0  0  0  0  0  0  0  0  0  0  0  0  0  0  0  0  0  0  0  0  0  0  0  0  0  0  0  0  0  0  0  0  0  0  0  0  0  0  0  0  0  0  0  0  0  0  0  0  0  0  0  0  0  0  0  0  0  0  0  0  0  0  0  0  0  0  0  0  0  0  0  0  0  0  0  0  0  0  0  0  0  0  0  0  0  0  0  0  0  0  0  0  0  0  0  0  0  0  
0  0  0  0  0  0  0  0  0  0  0  0  0  0  0  0  0  0  0  0  0  0  0  0  0  0  0  0  0  0  0  0  0  0  0  0  0  0  0  0  0  0  0  0  0  0  0  0  0  0  0  0  0  0  0  0  0  0  0  0  0  0  0  0  0  0  0  0  0  0  0  0  0  0  0  0  0  0  0  0  0  0  0  0  0  0  0  0  0  0  0  0  0  0  0  0  0  0  0  0  0  0  0  0  0  0  0  0  0  0  0  0  0  0  0  0  0  0  0  0  
0  0  0  0  0  0  0  0  0  0  0  0  0  0  0  0  0  0  0  0  0  0  0  0  0  0  0  0  0  0  0  0  0  0  0  0  0  0  0  0  0  0  0  0  0  0  0  0  0  0  0  0  0  0  0  0  0  0  0  0  0  0  0  0  0  0  0  0  0  0  0  0  0  0  0  0  0  0  0  0  0  0  0  0  0  0  0  0  0  0  0  0  0  0  0  0  0  0  0  0  0  0  0  0  0  0  0  0  0  0  0  0  0  0  0  0  0  0  0  38.1588  
0  0  0  0  0  0  0  0  0  0  0  0  0  0  0  0  0  0  0  0  0  0  0  0  0  0  0  0  0  0  0  0  0  0  0  0  0  0  0  0  0  0  0  0  0  0  0  0  0  0  0  0  0  0  0  0  0  0  0  0  0  0  0  0  0  0  0  0  0  0  0  0  0  0  0  0  0  0  0  0  0  0  0  0  0  0  0  0  0  0  0  0  0  0  0  0  0  0  0  0  0  0  0  0  0  0  0  0  0  0  0  0  0  0  0  0  0  0  0  0  
0  0  0  0  0  0  0  0  0  0  0  0  0  0  0  0  0  0  0  0  0  0  0  0  0  0  0  0  0  0  0  0  0  0  0  0  0  0  0  0  0  0  0  0  0  0  0  0  0  0  0  0  0  0  0  0  0  0  0  0  0  0  0  0  0  0  0  0  0  0  0  0  0  0  0  0  0  0  0  0  0  0  0  0  0  0  0  0  0  0  0  0  0  0  0  0  0  0  0  0  0  0  0  0  0  0  0  0  0  0  0  0  0  0  0  0  0  0  0  0  
0  0  0  0  0  0  0  0  0  0  0  0  0  0  0  0  0  0  0  0  0  0  0  0  0  0  0  0  0  0  0  0  0  0  0  0  0  0  0  0  0  0  0  0  0  0  0  0  0  0  0  0  0  0  0  0  0  0  0  0  0  0  0  0  0  0  0  0  0  0  0  0  0  0  0  0  0  0  0  0  0  0  0  0  0  0  0  0  0  0  0  0  0  0  0  0  0  0  0  0  0  0  0  0  0  0  0  0  0  0  0  0  0  0  0  0  0  0  0  0  
0  0  0  0  0  0  0  0  0  0  0  0  0  0  0  0  0  0  0  0  0  0  0  0  0  0  0  0  0  0  0  0  0  0  0  0  0  0  0  0  0  0  0  0  0  0  0  0  0  0  0  0  0  0  0  0  0  0  0  0  0  0  0  0  0  0  0  0  0  0  0  0  0  0  0  0  0  0  0  0  0  0  0  0  0  0  0  0  0  0  0  0  0  0  0  0  0  0  0  0  0  0  0  0  0  0  0  0  0  0  0  0  0  0  0  0  0  0  0  0  
0  0  0  0  0  0  0  0  0  0  0  0  0  0  0  0  0  0  0  0  0  0  0  0  0  0  0  0  0  0  0  0  0  0  0  0  0  0  0  0  0  0  0  0  0  0  0  0  0  0  0  0  0  0  0  0  0  0  0  0  0  0  0  0  0  0  0  0  0  0  0  0  0  0  0  0  0  0  0  0  0  0  0  0  0  0  0  0  0  0  0  0  0  0  0  0  0  0  0  0  0  0  0  0  0  0  0  0  0  0  0  0  0  0  0  0  0  0  0  0  
0  0  0  0  0  0  0  0  0  0  0  0  0  0  0  0  0  0  0  0  0  0  0  0  0  0  0  0  0  0  0  0  0  0  0  0  0  0  0  0  0  0  0  0  0  0  0  0  0  0  0  0  0  0  0  0  0  0  0  0  0  0  0  0  0  0  0  0  0  0  0  0  0  0  0  0  0  0  0  0  0  0  0  0  0  0  0  0  0  0  0  0  0  0  0  0  0  0  0  0  0  0  0  0  0  0  0  0  0  0  0  0  0  0  0  0  0  0  0  0  
